WORD,Both,TI,OTB
"	anarchiquement	en",1,0,1
"	conjure",1,0,1
"	le",2,1,1
_qui,1,1,0
â€˜autre,37,0,37
"â€˜autre	passivité",1,0,1
abaissement,2,2,0
abandon,12,1,11
abandonnant,1,0,1
abandonne,1,1,0
abandonné,3,0,3
abandonnée,1,0,1
abandonner,1,1,0
abandonnés,1,0,1
abdication,7,4,3
abdiquant,2,2,0
abdique,3,2,1
abdiquent,1,1,0
abdiquer,2,2,0
abel,1,1,0
aberration,3,2,1
abîmant,1,1,0
abîme,18,9,9
abîment,1,1,0
abîmer,3,0,3
abîmes,1,0,1
abnégation,5,0,5
abolir,2,2,0
abolit,2,1,1
abolition,2,2,0
abondamment,1,0,1
abondance,2,2,0
abord,36,23,13
abordant,5,2,3
aborde,21,18,3
abordé,11,6,5
abordée,4,3,1
abordent,2,2,0
aborder,17,14,3
abordons,3,3,0
aboutir,4,3,1
aboutirait,1,1,0
aboutissant,1,0,1
aboutissement,14,11,3
aboutissements,1,0,1
aboutissent,1,0,1
aboutit,27,22,5
abri,6,1,5
abrite,2,1,1
abriter,3,2,1
abroge,1,0,1
absence,51,35,16
absences,2,1,1
absent,6,3,3
absentant,2,2,0
absente,8,8,0
absenté,1,1,0
absenter,1,1,0
absents,1,0,1
absolu,85,58,27
absolue,89,49,40
absolument,113,81,32
absolus,5,5,0
absolution,6,2,4
absolvant,2,1,1
absolvent,6,6,0
absorbait,1,0,1
absorbant,11,0,11
absorbante,1,0,1
absorbe,28,11,17
absorbé,5,0,5
absorbent,6,3,3
absorber,13,8,5
absorberait,4,3,1
absorbés,1,0,1
absorption,5,1,4
absoudraient,1,1,0
absoudre,3,2,1
absout,6,2,4
abstracteurs,1,1,0
abstraction,24,8,16
abstractions,1,1,0
abstrait,8,5,3
abstraite,19,18,1
abstraites,4,1,3
abstraits,1,1,0
absurde,18,11,7
absurdité,18,15,3
abus,8,0,8
abusant,1,0,1
abusent,1,1,0
abuser,1,0,1
abusif,4,0,4
abusive,3,0,3
académie,1,0,1
accablant,1,0,1
accablé,1,0,1
accablent,1,0,1
accédant,4,1,3
accède,8,7,1
accéder,3,3,0
accéderait,2,2,0
accédions,1,1,0
accélère,1,1,0
accent,2,1,1
accents,1,0,1
acceptation,3,3,0
accepté,3,3,0
acceptent,1,1,0
accepter,2,2,0
accepterait,1,1,0
acception,1,1,0
accès,13,6,7
accessibilité,3,2,1
accessible,7,3,4
accessibles,1,1,0
accession,2,2,0
accident,11,8,3
accidentel,1,1,0
accidentelles,1,1,0
accidents,1,0,1
accole,1,1,0
accolent,1,1,0
accoler,1,1,0
accommoder,1,0,1
accompagnant,2,1,1
accompagne,3,2,1
accompagnent,2,2,0
accompli,14,10,4
accomplie,11,7,4
accomplir,19,16,3
accomplira,1,1,0
accomplirait,1,1,0
accomplis,2,1,1
accomplissait,1,1,0
accomplissant,7,3,4
accomplisse,1,1,0
accomplissement,21,16,5
accomplissent,1,1,0
accomplit,90,77,13
accord,15,7,8
accordant,1,1,0
accorde,3,2,1
accordent,2,2,0
accorder,1,0,1
accorderaient,1,0,1
accordés,1,0,1
accoucher,1,1,0
accouplement,1,1,0
accouplerait,1,1,0
accrédite,1,1,0
accréditera,1,0,1
accroche,4,4,0
accrochent,1,1,0
accrocher,1,1,0
accroissait,1,0,1
accroissement,9,4,5
accroît,6,2,4
accueil,51,39,12
accueillant,3,3,0
accueille,26,19,7
accueillent,1,1,0
accueilli,4,4,0
accueillie,1,0,1
accueillir,14,10,4
acculé,5,1,4
acculés,1,1,0
accumulant,1,0,1
accumulation,1,0,1
accumulé,1,0,1
accusaient,1,1,0
accusant,4,0,4
accusatif,28,0,28
accusation,32,1,31
accusatrice,3,0,3
accuse,25,4,21
accusé,8,1,7
accusée,5,0,5
accusent,1,0,1
accuser,7,0,7
acheminons,1,1,0
achète,2,2,0
acheter,2,2,0
achevé,3,3,0
achève,6,5,1
achevée,1,1,0
achèvement,5,4,1
achèvent,1,1,0
achever,3,0,3
achèvera,1,1,0
achoppent,1,0,1
acier,5,5,0
acies,1,1,0
acquérant,2,2,0
acquérir,4,4,0
acquerrait,1,1,0
acquièrent,4,4,0
acquiert,8,8,0
acquiescer,1,1,0
acquis,5,1,4
acquise,2,1,1
acquisition,10,10,0
acquitte,1,0,1
acte,147,71,76
"acte	l",1,1,0
actes,29,21,8
acteur,1,1,0
actif,14,3,11
action,59,35,24
actionnant,1,0,1
actionne,1,1,0
actionnent,1,1,0
actions,7,4,3
active,8,0,8
activement,1,0,1
activité,84,49,35
activités,1,1,0
actualisait,1,1,0
actualisant,1,1,0
actualisation,3,2,1
actualise,1,1,0
actualisera,1,1,0
actualiserait,1,1,0
actualité,7,2,5
actuel,4,3,1
actuelle,7,4,3
actuelles,1,1,0
acuité,7,4,3
adam,1,0,1
adaptation,1,1,0
adapte,1,1,0
addition,4,4,0
adéquat,2,1,1
adéquate,11,10,1
adéquatement,1,1,0
adéquation,9,6,3
adéquats,1,0,1
adhère,2,2,0
adhérence,2,1,1
adhérer,2,2,0
adhésion,3,3,0
adjectif,6,3,3
adjectifs,6,2,4
adjoignait,1,1,0
adjoignant,1,1,0
adjonction,3,3,0
admet,1,1,0
admettait,4,1,3
admettant,1,1,0
admettons,1,0,1
admettre,5,2,3
admirable,1,1,0
admirablement,3,0,3
admirait,1,1,0
admirari,1,1,0
admiration,2,1,1
adopte,2,2,0
adorare,1,1,0
adoration,2,2,0
adossée,1,1,0
adressant,1,1,0
adresse,13,12,1
adressé,5,2,3
adressent,2,2,0
adresser,3,2,1
adultes,1,1,0
advenir,1,1,0
adventice,1,0,1
adverbe,2,1,1
adverbes,4,0,4
adverbialement,1,0,1
adversaire,3,3,0
adversaires,2,2,0
adverses,1,1,0
adversité,13,0,13
advienne,1,1,0
adviennent,1,0,1
advient,1,0,1
affaire,8,0,8
affaires,1,0,1
affamé,5,4,1
affamée,1,1,0
affectant,1,0,1
affectation,1,1,0
affecte,15,4,11
affecté,8,1,7
affectée,1,1,0
affectent,1,0,1
affecter,5,2,3
affectés,1,1,0
affectif,7,3,4
affectifs,3,2,1
affection,27,2,25
affective,2,1,1
affectivité,4,4,0
affiche,1,0,1
affinement,1,1,0
affinité,1,0,1
affirma,1,0,1
affirmait,2,2,0
affirmant,4,4,0
affirmation,31,19,12
affirmative,1,1,0
affirme,30,25,5
affirmé,4,1,3
affirmée,3,2,1
affirment,2,2,0
affirmer,28,16,12
affirmera,1,0,1
affirmerait,3,0,3
afflige,1,1,0
affligé,1,0,1
afflueraient,1,1,0
afflux,2,2,0
affranchi,4,1,3
affranchie,1,1,0
affranchir,1,0,1
affranchissement,4,0,4
affranchit,5,2,3
affronte,5,2,3
affronté,1,1,0
affrontement,1,1,0
affrontent,2,2,0
affronter,1,1,0
age,1,1,0
agent,2,2,0
agglomérations,1,0,1
agglomérer,1,0,1
aggrave,1,1,0
agir,4,4,0
agira,1,0,1
agirait,2,1,1
agissant,6,1,5
agisse,1,1,0
agissement,1,0,1
agissent,2,2,0
agit,66,33,33
agoraphobie,1,0,1
agréé,1,1,0
agréer,1,1,0
agrément,12,12,0
agression,1,0,1
aide,4,0,4
aie,4,1,3
aient,2,2,0
aigu,1,0,1
aiguÃ«,3,2,1
aiguilles,2,2,0
aiguillonnée,1,1,0
ail,1,1,0
ailée,1,1,0
ailes,1,1,0
ailleurs,50,31,19
aimant,1,0,1
aime,6,6,0
aimé,5,4,1
aimée,16,15,1
aimer,9,8,1
aînesse,1,0,1
ainsi,324,150,174
air,22,11,11
aire,1,0,1
aisance,2,1,1
aisé,1,1,0
aisément,1,1,0
ait,35,18,17
ajournant,1,1,0
ajourne,11,11,0
ajournée,1,1,0
ajournement,22,22,0
ajoutait,1,1,0
ajoutant,2,2,0
ajoute,15,12,3
ajoutent,1,1,0
ajouter,18,6,12
ajouteraient,1,1,0
ajouterait,1,0,1
ajuste,1,1,0
ajustent,1,1,0
ale,1,1,0
aléas,5,4,1
aléatoire,1,0,1
algorithmique,1,1,0
alibi,2,1,1
aliénable,1,1,0
aliénant,1,0,1
aliénation,25,6,19
aliéné,3,0,3
aliène,6,5,1
aliénées,1,1,0
aliéner,7,3,4
aliénés,1,1,0
alienus,1,0,1
aligne,1,0,1
alignent,1,1,0
aliment,7,7,0
alimentation,3,3,0
alimente,2,1,1
alimenté,1,1,0
alimentée,1,1,0
alimentent,1,1,0
alimenter,1,1,0
alinéa,2,2,0
aliquamdiu,1,1,0
aliquid,1,1,0
allait,3,0,3
allant,29,8,21
allée,3,0,3
allées,1,1,0
allégeance,7,0,7
allégeant,1,1,0
allégée,1,1,0
allègrement,1,0,1
allégresse,3,0,3
allégué,1,0,1
aller,45,18,27
allergie,3,3,0
allergique,5,4,1
allergiques,1,0,1
allés,1,0,1
allia,1,0,1
alliance,4,0,4
alliée,1,0,1
allons,14,14,0
allure,2,2,0
allusion,3,2,1
allusions,1,1,0
alors,94,50,44
alourdi,1,0,1
alourdissant,1,0,1
alourdissent,1,0,1
alourdit,3,2,1
alpha,1,0,1
alphonse,1,0,1
alter,1,1,0
altérant,3,0,3
altération,16,3,13
altérations,2,2,0
altéré,1,0,1
altère,5,0,5
altérée,3,0,3
altèrent,1,0,1
altérer,6,2,4
altérité,121,88,33
alterius,1,1,0
alternance,7,0,7
alternances,1,0,1
alternant,4,0,4
alternative,18,6,12
alternatives,1,0,1
alternent,1,0,1
altruisme,1,0,1
altruiste,3,0,3
amant,3,3,0
amants,3,3,0
amarre,1,1,0
amassait,1,1,0
ambages,1,1,0
ambiance,3,2,1
ambigu,3,0,3
ambiguÃ«,9,4,5
ambiguïté,74,20,54
ambiguïtés,3,0,3
ambitions,1,1,0
ambivalence,15,3,12
ambivalente,3,2,1
ame,6,2,4
âme,81,37,44
aménagement,1,1,0
amené,4,1,3
amène,14,10,4
amenée,1,1,0
amènent,1,0,1
amènerait,3,0,3
amenuise,2,2,0
amenuiser,1,1,0
âmes,5,2,3
ami,4,3,1
amis,3,0,3
amitié,7,7,0
amitiés,1,0,1
amoncèle,1,0,1
amoncellement,3,3,0
amont,2,2,0
amorphe,3,2,1
amortir,1,1,0
amortit,3,0,3
amour,71,55,16
amoureuse,4,4,0
amoureux,2,2,0
amphibologie,33,0,33
amphibologiquement,1,0,1
amplifiant,2,1,1
amplifie,1,1,0
amplifiée,1,1,0
amplitude,1,0,1
amusent,1,1,0
anachorèse,4,0,4
anachronique,5,0,5
anachroniquement,5,0,5
anachronisme,4,0,4
analogie,14,6,8
analogique,1,1,0
analogiques,1,1,0
analogue,5,5,0
analogues,1,1,0
analysant,2,1,1
analyse,32,19,13
analysé,2,2,0
analysée,3,0,3
analyser,5,4,1
analyses,12,9,3
analytique,3,2,1
analytiquement,2,2,0
anarchie,42,5,37
anarchique,59,6,53
anarchiquement,3,0,3
ancien,10,3,7
ancienne,22,2,20
anciennement,1,0,1
anciennes,2,2,0
ancienneté,1,1,0
anciens,4,0,4
ancillaire,8,0,8
ancrés,1,1,0
and,1,1,0
androgyne,1,1,0
anéanti,1,1,0
anéantir,3,3,0
anéantissant,1,1,0
anéantissement,3,2,1
anéantit,2,2,0
anesthésie,1,1,0
anesthésiée,1,0,1
angélique,4,0,4
angles,2,2,0
angoisse,13,6,7
angoissée,1,1,0
angustiées,1,0,1
animait,1,1,0
animal,14,11,3
animale,7,7,0
animalement,1,0,1
animales,1,1,0
animalité,12,8,4
animation,13,0,13
anime,18,6,12
animé,6,1,5
animée,4,0,4
animisme,1,0,1
anneau,1,1,0
annexions,1,0,1
annonçait,1,1,0
annonçant,3,2,1
annonce,22,17,5
annoncée,2,1,1
annoncent,1,1,0
annoncer,7,4,3
annoncerait,2,1,1
annulant,3,0,3
annule,13,8,5
annulent,1,0,1
annuler,4,0,4
annulerait,1,0,1
anodin,1,0,1
anodine,1,0,1
anonymat,18,14,4
anonyme,20,16,4
anonymement,1,1,0
anonymes,2,2,0
anorexie,1,1,0
ans,3,0,3
antagonisme,2,2,0
antagoniste,2,2,0
antagonistes,3,2,1
antéprédicatif,1,0,1
antérieur,23,14,9
antérieure,50,14,36
antérieurement,4,3,1
antérieures,1,1,0
antériorité,15,6,9
anthropologie,2,1,1
anthropologique,3,0,3
anthropomorphisme,1,0,1
anti,2,1,1
anticartésien,1,1,0
anticipable,1,0,1
anticipant,4,1,3
anticipation,8,5,3
anticipations,1,1,0
anticipe,4,3,1
anticipé,1,1,0
anticiper,1,1,0
anticipés,1,1,0
antihumanisme,1,0,1
antilangage,1,1,0
antinomie,3,0,3
antinomies,1,0,1
antipodes,2,2,0
antique,4,4,0
antiquité,4,1,3
antithèse,9,6,3
antithèses,1,1,0
antithétique,3,2,1
antithétiques,2,1,1
anxiété,1,0,1
apaise,5,5,0
apatride,3,0,3
apeiron,6,6,0
aperception,26,2,24
apercevait,2,1,1
apercevant,4,3,1
apercevoir,10,5,5
aperçoit,4,3,1
aperçu,7,4,3
aperçue,5,2,3
apesanteur,1,0,1
apocalyptique,1,0,1
apocalyptiquement,1,0,1
apogée,2,2,0
apolitique,1,1,0
apologétique,6,6,0
apologétiquement,1,1,0
apologie,36,33,3
apophansis,24,0,24
apophantique,3,0,3
apostasie,2,2,0
apparais,1,0,1
apparaissais,1,1,0
apparaissait,4,3,1
apparaissant,15,7,8
apparaisse,5,4,1
apparaissent,10,6,4
apparaît,68,44,24
apparaîtra,4,3,1
apparaîtraient,1,1,0
apparaîtrait,4,3,1
apparaître,54,17,37
apparaîtreÂ·,1,1,0
apparaîtront,3,3,0
apparemment,3,0,3
apparence,29,14,15
apparences,7,3,4
apparent,6,1,5
apparente,13,8,5
apparentent,1,0,1
apparentes,1,1,0
apparentés,1,1,0
apparier,1,0,1
appariteur,1,0,1
apparition,39,31,8
apparitions,1,1,0
apparoir,43,0,43
appartements,1,0,1
appartenait,3,0,3
appartenance,4,1,3
appartenant,14,2,12
appartenir,5,2,3
appartiendraient,1,0,1
appartienne,3,0,3
appartiennent,8,1,7
appartient,37,10,27
apparu,1,1,0
apparut,2,2,0
appauvrit,1,0,1
appel,33,18,15
appelait,2,1,1
appelant,10,5,5
appelé,34,11,23
appelée,24,11,13
appeler,23,14,9
appelés,2,1,1
appellation,1,1,0
appelle,64,31,33
appellent,8,5,3
appellera,1,0,1
appellerons,1,1,0
appelons,15,14,1
appétit,4,1,3
appétition,1,0,1
applique,5,5,0
appliqué,1,0,1
appliquer,2,2,0
apport,1,1,0
apporta,1,1,0
apportait,1,0,1
apportant,1,1,0
apporte,32,24,8
apportée,3,2,1
apportent,1,1,0
apporter,3,3,0
apporterait,1,1,0
appréhendé,3,0,3
appréhension,10,1,9
apprend,3,3,0
apprendre,1,1,0
apprentissage,1,1,0
appris,3,0,3
apprivoisé,1,1,0
apprivoiser,1,0,1
approchable,1,1,0
approchant,5,1,4
approche,95,11,84
approché,7,0,7
approchée,1,1,0
approcher,13,2,11
approfondissement,3,3,0
appropriation,8,7,1
approprie,1,1,0
approprié,1,1,0
appropriement,1,0,1
approprient,1,1,0
approprier,1,1,0
appropriera,1,1,0
appui,6,3,3
appuie,1,1,0
appuient,2,2,0
appuyé,1,1,0
appuyer,1,1,0
après,69,45,24
apte,3,3,0
aptitude,2,2,0
apud,1,1,0
araignée,1,0,1
arbitraire,31,28,3
arbitrairement,5,2,3
arbitre,3,2,1
arché,5,0,5
archéologie,1,0,1
archétype,1,0,1
archétypes,1,1,0
archi,1,0,1
architecture,6,2,4
ardeur,1,1,0
arêtes,1,0,1
argent,13,10,3
argument,9,5,4
argumentation,1,1,0
arguments,3,3,0
aridité,1,1,0
aristophane,3,3,0
aristote,10,7,3
aristotélicen,1,1,0
aristotélicien,2,2,0
aristotélicienne,2,2,0
armes,1,1,0
arpège,1,0,1
arrachant,6,1,5
arrache,15,11,4
arraché,23,7,16
arrachée,1,0,1
arrachées,1,1,0
arrachement,17,1,16
arrachent,1,1,0
arracher,20,3,17
arrachera,1,1,0
arrange,1,0,1
arrangement,4,0,4
arranger,1,0,1
arrêt,11,6,5
arrêtait,1,1,0
arrête,19,15,4
arrêté,1,0,1
arrêtée,1,0,1
arrêter,9,2,7
arrêterait,1,1,0
arrière,19,4,15
arrimage,4,0,4
arriment,1,0,1
arrimer,3,0,3
arrivant,3,0,3
arrive,35,20,15
arrivé,1,1,0
arrivée,5,2,3
arrivent,3,2,1
arriver,6,2,4
arriveraient,1,0,1
arrivés,1,1,0
arrivons,1,1,0
art,26,13,13
article,3,0,3
articulant,1,1,0
articulation,16,7,9
articulations,7,6,1
articule,12,8,4
articulent,5,1,4
articuler,6,3,3
artifice,1,0,1
artifices,2,1,1
artificiellement,1,0,1
artiste,3,3,0
arts,2,2,0
arythmie,1,0,1
ascèse,1,0,1
asile,2,1,1
asociale,1,1,0
aspect,7,2,5
aspects,15,4,11
aspirant,3,2,1
aspiration,14,10,4
aspirations,1,1,0
aspire,4,4,0
aspiré,1,1,0
aspirer,3,2,1
assaillent,1,0,1
assassin,1,1,0
assécher,1,1,0
assemblable,12,0,12
assemble,3,0,3
assemblé,1,0,1
assemblée,3,0,3
assemblées,1,0,1
assembler,1,0,1
asseoir,1,0,1
asservie,1,1,0
asservis,1,1,0
asservissement,3,3,0
asservit,3,3,0
assez,37,13,24
assiège,1,1,0
assiégée,1,0,1
assignant,4,0,4
assignation,50,0,50
assigne,8,0,8
assigné,17,0,17
assignée,1,0,1
assigner,1,0,1
assimilant,2,1,1
assimile,1,1,0
assimilé,1,0,1
assimiler,5,2,3
assimilerait,1,1,0
assises,2,1,1
assistance,8,8,0
assistant,5,4,1
assiste,10,9,1
assisté,2,1,1
assister,3,3,0
assisterions,1,1,0
assistons,1,1,0
association,7,6,1
associe,1,1,0
associé,2,2,0
associée,1,0,1
assoiffé,1,1,0
assomption,26,3,23
assoupi,1,1,0
assoupie,1,1,0
assoupissement,2,2,0
assouplissements,1,1,0
assourdi,1,0,1
assourdir,1,0,1
assourdissant,1,0,1
assouvissement,9,0,9
assouvit,1,0,1
assujetti,1,0,1
assumable,5,0,5
assumant,1,1,0
assume,14,9,5
assumé,8,1,7
assumée,9,2,7
assument,1,1,0
assumer,25,10,15
assumerait,4,1,3
assurance,3,0,3
assurances,1,0,1
assurant,5,2,3
assure,28,23,5
assuré,4,1,3
assurée,6,1,5
assurent,4,3,1
assurer,16,9,7
assurerait,1,1,0
asthénique,1,0,1
astreint,11,0,11
astreinte,3,0,3
astres,2,1,1
astriction,1,0,1
astronautes,1,0,1
asymétrie,6,3,3
asymétrique,2,2,0
asymptote,3,0,3
ataraxie,3,3,0
athée,12,11,1
athéisme,21,21,0
atmosphère,2,1,1
atome,1,1,0
atomique,5,1,4
atomisme,2,1,1
attache,5,1,4
attaché,2,2,0
attachée,1,1,0
attachement,4,3,1
attachements,1,0,1
attachera,1,0,1
attachés,1,1,0
attaque,1,1,0
atteignant,1,0,1
atteignent,1,1,0
atteindre,11,4,7
atteint,16,11,5
atteinte,12,5,7
attelage,1,1,0
attenance,1,0,1
attend,6,3,3
attendant,2,1,1
attendraient,1,0,1
attendre,10,3,7
attendrissement,3,3,0
attendu,1,0,1
attente,13,5,8
attentif,2,2,0
attention,26,22,4
attentive,1,1,0
atténuait,1,1,0
atténuation,1,1,0
atténue,4,1,3
atterrissage,1,1,0
attestant,2,1,1
attestation,1,1,0
atteste,34,25,9
attesté,1,1,0
attestent,3,2,1
attestera,1,1,0
attirail,4,4,0
attire,3,2,1
attitude,15,11,4
attraction,1,1,0
attrape,2,2,0
attraper,1,1,0
attribuait,1,1,0
attribue,2,2,0
attribuer,1,0,1
attribut,18,7,11
attributa,1,1,0
attributs,20,7,13
attriste,1,1,0
aube,5,1,4
auch,1,0,1
aucun,106,38,68
aucune,115,59,56
aucuneÂ·,1,1,0
aucunement,6,2,4
audace,9,4,5
audaces,1,0,1
audacieusement,1,1,0
audacieux,1,0,1
audible,3,0,3
auditeur,1,1,0
audition,1,1,0
augmente,1,0,1
auguste,3,0,3
augustin,1,1,0
aujourd,8,4,4
auparavant,3,0,3
auprès,9,4,5
auquel,64,36,28
aura,29,8,21
aurai,1,1,0
auraient,5,4,1
aurait,76,33,43
aurions,6,6,0
aurons,1,1,0
aurore,2,1,1
aussi,221,104,117
aussitôt,63,26,37
austère,1,1,0
autant,34,10,24
autarcie,1,1,0
autels,3,0,3
auteur,14,10,4
authenticité,1,1,0
authentification,1,1,0
authentique,2,1,1
auto,11,3,8
autoaffection,1,0,1
autochtone,9,8,1
automatiquement,1,1,0
automobile,1,1,0
autonome,6,6,0
autonomes,1,1,0
autonomie,11,4,7
autopersonnification,1,1,0
autorévélation,1,0,1
autorise,1,1,0
autorisent,1,0,1
autorité,8,4,4
autour,11,3,8
autre,1390,576,814
"autre	c",1,0,1
autrefois,1,0,1
autrement,103,19,84
autres,197,83,114
autrui,605,390,215
"autrui	c",1,0,1
aux,240,124,116
auxÂ·,1,1,0
auxquelles,7,0,7
auxquels,9,5,4
avaient,3,2,1
avais,4,1,3
avait,36,19,17
avale,2,2,0
avaler,1,1,0
avance,10,6,4
avancé,1,1,0
avant,224,38,186
avare,1,1,0
avatar,9,4,5
avatars,6,3,3
avec,721,498,223
avenir,96,87,9
aventurant,1,1,0
aventure,44,19,25
aventures,1,1,0
aventureuse,1,1,0
avertie,1,0,1
averties,1,0,1
avertissements,1,0,1
aveu,10,1,9
aveugle,4,3,1
aveuglement,4,0,4
aveuglément,2,2,0
aveux,1,0,1
avide,1,1,0
avidité,1,1,0
avoir,139,78,61
avons,82,55,27
avouable,1,1,0
avouant,2,2,0
avoue,3,3,0
avouer,1,1,0
axe,1,1,0
axiologie,2,1,1
axiologique,7,0,7
axiologiques,5,1,4
ayant,27,18,9
ayons,1,1,0
bagages,3,0,3
baignant,2,2,0
baigne,16,16,0
baigné,1,1,0
baigner,3,3,0
baigneur,1,1,0
baillée,3,0,3
bailler,3,0,3
baiser,1,0,1
baisser,1,1,0
balancement,1,0,1
balbutiant,4,1,3
balbutiante,3,2,1
balbutiement,1,0,1
balle,2,2,0
banal,2,1,1
banale,3,2,1
banalité,2,2,0
banalités,1,0,1
bande,1,1,0
bannir,2,2,0
banquet,2,2,0
barbare,1,0,1
barbarismes,1,0,1
barrer,1,0,1
barrières,1,1,0
bas,12,11,1
basculement,1,0,1
base,11,8,3
bases,1,1,0
basses,1,0,1
bat,2,1,1
bateau,3,0,3
bateaux,2,1,1
bâtiment,3,3,0
bâtiments,4,3,1
bâtir,4,1,3
bâtisseur,1,1,0
bâtisseurs,1,1,0
bâtit,3,2,1
battant,2,1,1
battement,3,0,3
battus,1,0,1
baudelaire,1,1,0
béance,1,0,1
béant,4,1,3
béatifique,1,1,0
béatitude,2,2,0
beau,22,9,13
beaucoup,2,2,0
beauté,14,11,3
beaux,1,1,0
bée,5,2,3
befindlichkeit,1,1,0
begreifen,3,0,3
bel,1,1,0
belle,5,2,3
belles,3,0,3
bénéficiaires,2,2,0
bénéficiant,1,1,0
bénéficie,3,2,1
bénéficient,2,2,0
bercer,1,1,0
bergson,3,3,0
bergsonien,1,1,0
bergsonienne,2,2,0
berkeley,6,2,4
berkeleyen,2,2,0
berkeleyenne,1,1,0
besogneuse,1,1,0
besogneux,6,6,0
besoin,104,91,13
besoins,36,35,1
bester,1,0,1
bête,1,1,0
biais,2,1,1
biblique,3,0,3
bien,126,45,81
biens,3,2,1
bienveillance,6,2,4
bifide,1,0,1
bifocale,1,0,1
bin,3,0,3
binswanger,1,0,1
biologie,6,3,3
biologique,19,15,4
bipolarité,5,1,4
blanchit,1,0,1
blanchot,1,1,0
blasphème,3,0,3
blessant,1,1,0
blesse,7,3,4
blessé,1,1,0
blessées,1,0,1
blesser,6,3,3
blessure,21,1,20
blessures,5,1,4
bleu,1,1,0
bloc,2,1,1
boire,1,0,1
bois,7,3,4
boiteuse,1,0,1
bon,15,7,8
bonheur,99,96,3
bonjour,1,0,1
bonne,23,12,11
bonnes,1,0,1
bonté,104,56,48
bord,11,4,7
borde,1,1,0
bordée,1,1,0
bordent,1,1,0
borne,4,4,0
bosquets,1,0,1
bottes,1,0,1
bouchait,1,0,1
bouche,27,2,25
bouché,1,0,1
bouchée,4,1,3
bouleversant,3,0,3
bouleverse,4,1,3
bouleversé,2,1,1
bouleversement,5,1,4
bouleverser,1,1,0
bourdonnement,9,1,8
bourgeois,1,1,0
bourreau,1,1,0
bouscule,1,0,1
bousculer,1,1,0
bout,22,10,12
boutroux,1,1,0
bouts,3,0,3
branche,1,1,0
bras,1,0,1
bravant,1,1,0
bref,1,0,1
brentano,1,0,1
brillait,2,2,0
brillance,1,0,1
brillant,1,1,0
brille,2,1,1
brins,1,0,1
briquet,2,2,0
brise,5,5,0
brisé,1,1,0
brisée,1,1,0
brisent,1,0,1
briser,2,2,0
brisure,1,1,0
broie,2,2,0
brouille,1,0,1
bruhl,2,2,0
bruissement,8,4,4
bruit,3,2,1
bruits,1,0,1
brûlant,2,1,1
brûle,4,1,3
brûlent,1,1,0
brunschvicg,2,2,0
brusque,1,1,0
brusquement,3,0,3
brutal,2,1,1
brutale,2,2,0
brutalement,2,2,0
buber,10,7,3
but,25,22,3
butant,1,1,0
bute,1,1,0
buter,1,0,1
buts,1,1,0
cachait,3,0,3
cachant,1,1,0
cache,14,10,4
caché,25,21,4
cachée,2,2,0
cachent,2,2,0
cacher,3,3,0
cachés,1,1,0
cadre,3,3,0
cadres,2,2,0
cahiers,1,1,0
caillot,1,0,1
caïn,2,2,0
caïnesque,1,0,1
caisse,1,1,0
calcul,7,2,5
calcule,1,1,0
calculent,1,1,0
calculer,1,1,0
calculs,4,3,1
caligantis,1,1,0
calme,3,2,1
candidat,1,1,0
canon,1,0,1
canons,1,1,0
capable,44,25,19
capables,2,2,0
capaces,1,1,0
capacité,16,8,8
cape,1,1,0
caprice,1,0,1
capricieuse,1,1,0
capricieux,1,0,1
captivité,1,1,0
car,194,101,93
caractère,46,37,9
caractères,1,0,1
caractérisant,3,3,0
caractérise,11,7,4
caractérisée,1,1,0
caractériser,3,2,1
caractéristique,8,7,1
caractérologie,1,1,0
carburant,2,2,0
carburants,1,1,0
cardinaux,1,1,0
carence,4,0,4
caresse,32,17,15
caressée,1,0,1
caressent,1,0,1
caricature,2,2,0
carnaval,1,0,1
carpe,1,1,0
carrefour,1,1,0
carrière,1,1,0
cartésien,8,8,0
cartésienne,10,7,3
cartésiennes,1,1,0
cartésiens,1,0,1
cas,28,12,16
cassirer,1,0,1
catastrophe,1,0,1
catégorie,23,15,8
catégories,22,15,7
catégorique,1,0,1
cathédrales,1,1,0
cauchemars,1,0,1
causa,15,15,0
causale,4,0,4
causalité,17,13,4
cause,70,42,28
causes,6,6,0
caverne,1,1,0
ceÂ·,1,1,0
ceci,58,10,48
cède,1,0,1
céder,1,0,1
cela,159,55,104
celan,1,0,1
cèle,1,0,1
célèbre,1,1,0
celer,4,0,4
céleste,3,0,3
célestes,1,1,0
celle,133,53,80
celles,16,8,8
cellulaire,1,0,1
celui,161,84,77
cendre,1,0,1
cendres,6,1,5
centrale,2,2,0
centre,12,9,3
centripète,3,2,1
cependant,132,84,48
cercle,2,2,0
cérébrales,1,1,0
cérémonial,1,1,0
cérémonies,2,1,1
cernant,1,0,1
cerne,3,0,3
cernée,1,0,1
certain,29,16,13
certaine,27,15,12
certainement,10,5,5
certaines,5,1,4
certains,4,1,3
certes,178,78,100
certitude,52,27,25
certitudes,3,0,3
ces,146,80,66
cessait,1,0,1
cessant,3,0,3
cessation,1,1,0
cesse,22,10,12
cessé,3,0,3
cessent,2,2,0
cesser,3,3,0
cession,1,0,1
cet,190,110,80
cette,1230,660,570
ceux,17,8,9
chacun,13,9,4
chacune,4,4,0
chaîne,3,0,3
chaînes,1,0,1
chaînon,1,1,0
chaînons,1,0,1
chair,24,1,23
chaise,1,1,0
chaises,1,1,0
chaleur,4,3,1
chaleurs,1,0,1
champ,25,14,11
chance,8,5,3
chancellerai,1,1,0
chances,1,0,1
change,5,4,1
changé,1,0,1
changeantes,1,0,1
changement,12,7,5
changer,3,0,3
chant,1,0,1
"chant	de",1,0,1
chantent,1,0,1
chanter,1,0,1
chants,3,0,3
chaotique,1,1,0
chapitre,11,0,11
chapitres,1,0,1
chaque,26,18,8
charbonnier,3,0,3
charge,17,1,16
chargé,1,0,1
chargent,1,1,0
charme,2,2,0
charnel,3,3,0
chassant,3,3,0
chasse,7,4,3
chasseur,3,0,3
chaste,1,1,0
chasteté,1,1,0
châtier,1,0,1
chatoiements,1,0,1
châtrée,1,1,0
chaud,1,1,0
chauffage,1,1,0
chauffer,1,1,0
chemin,4,3,1
cheminée,1,1,0
cheminement,3,2,1
chemins,1,1,0
cherchaient,1,1,0
cherchait,5,2,3
cherchant,1,1,0
cherche,45,30,15
cherché,6,6,0
cherchée,4,1,3
cherchent,1,1,0
chercher,18,13,5
cherchera,1,0,1
chercherait,3,2,1
cherchions,1,1,0
chers,1,1,0
chevalier,1,1,0
cheveux,1,0,1
chez,101,72,29
chien,1,0,1
chimie,3,3,0
chimique,3,0,3
chimiquement,1,1,0
choc,4,4,0
chocs,2,2,0
choisi,8,4,4
choisie,4,3,1
choisir,3,2,1
choisit,1,1,0
choix,25,5,20
chose,174,150,24
choses,209,168,41
"choses	sachverhalte	oÃ¹",1,0,1
chroniquement,1,0,1
chronologique,2,2,0
chronologiquement,1,1,0
chus,1,0,1
chute,8,5,3
ciel,18,10,8
cigarette,2,2,0
cimetières,2,1,1
cinq,3,0,3
cinquième,1,1,0
circonscrite,1,0,1
circonscrivant,1,0,1
circonstance,1,1,0
circonvenir,3,2,1
circulairement,1,1,0
circulant,2,1,1
circulation,4,0,4
cire,1,1,0
citation,1,1,0
cité,10,3,7
cités,1,0,1
citoyen,2,1,1
civil,1,1,0
civilisation,7,6,1
civilisations,3,0,3
clair,3,0,3
claire,6,6,0
clairement,1,0,1
claires,3,2,1
clairvoyance,1,0,1
clame,1,0,1
clandestin,7,7,0
clandestine,3,2,1
clandestinement,2,1,1
clandestinité,8,5,3
clapotis,1,0,1
clarté,31,18,13
classée,1,0,1
classer,1,1,0
classification,1,1,0
classique,6,6,0
claudel,1,0,1
claustration,7,0,7
clavier,1,0,1
clé,4,4,0
clignotante,1,0,1
clignote,3,0,3
clignotement,1,0,1
climat,2,2,0
clivage,2,1,1
clore,1,1,0
clos,1,1,0
close,2,2,0
closes,1,1,0
clôturant,1,0,1
clôture,1,1,0
clou,3,3,0
coagulant,1,0,1
coaguler,1,0,1
coagulerait,1,0,1
code,3,0,3
codes,1,1,0
codétermine,1,1,0
coéquipiers,3,0,3
cÅ“ur,14,1,13
coexistence,11,4,7
coextensive,1,1,0
cogitation,1,1,0
cogito,27,24,3
"cogito	oÃ¹",1,1,0
cognitive,5,1,4
cognoscerem,1,1,0
cohen,1,1,0
cohérence,13,6,7
cohérent,13,5,8
cohérentes,1,1,0
cohérents,1,0,1
coin,2,2,0
coïncidant,7,2,5
coïncide,31,24,7
coïncidence,54,17,37
coïncident,9,9,0
coïncider,5,2,3
coïnciderait,4,3,1
coins,2,1,1
collaborateur,2,1,1
collaboration,1,0,1
collant,2,1,1
colle,2,1,1
collectif,1,1,0
collective,2,2,0
collectivité,3,3,0
collision,1,1,0
collocation,1,1,0
collocations,1,1,0
combat,1,0,1
combats,1,1,0
combattants,1,1,0
combattu,1,1,0
combinaison,3,0,3
comblant,1,0,1
comble,13,4,9
comblé,3,2,1
comblée,1,1,0
comblement,1,0,1
comblent,3,0,3
combler,10,6,4
comblerait,1,1,0
comédie,5,1,4
comestible,2,1,1
comique,5,1,4
commandant,10,1,9
commande,34,14,20
commandé,2,1,1
commandement,22,9,13
commandements,1,0,1
commandent,2,1,1
commander,6,3,3
commanderait,1,0,1
comme,2172,1204,968
commençant,10,3,7
commence,33,18,15
commencé,9,4,5
commencement,102,37,65
commencements,1,1,0
commencent,5,1,4
commencer,13,6,7
commensurable,1,0,1
comment,70,31,39
commerce,18,13,5
commettras,4,4,0
commettre,5,2,3
commis,7,2,5
commise,1,0,1
commises,1,0,1
commission,1,0,1
commun,55,36,19
communauté,40,27,13
commune,24,17,7
communément,1,1,0
communes,3,3,0
communicable,1,1,0
communication,60,8,52
communion,2,2,0
communiquant,2,2,0
communique,2,2,0
communiquée,1,0,1
communiquent,1,1,0
communiquer,2,1,1
communiquons,1,1,0
communs,1,1,0
compagnie,3,3,0
compagnon,1,1,0
comparable,1,0,1
comparaison,15,3,12
comparant,1,1,0
comparatione,1,1,0
compare,2,1,1
comparé,1,1,0
comparent,1,0,1
comparer,1,1,0
comparution,1,0,1
compasse,1,1,0
compassion,10,3,7
compatible,2,2,0
compatibles,1,1,0
compatissant,1,0,1
compatit,1,1,0
compensation,4,0,4
compensent,2,1,1
complaire,4,1,3
complaisance,20,5,15
complaisant,4,1,3
complaît,12,7,5
complément,4,1,3
complémentarité,1,1,0
compléments,2,2,0
complet,1,1,0
complète,3,2,1
complètement,7,6,1
complètent,1,1,0
compléter,2,2,0
compléteraient,1,1,0
complètes,1,1,0
complexe,7,3,4
complexes,2,1,1
complexion,1,0,1
complexité,1,0,1
complicité,7,2,5
componction,1,0,1
comporte,41,22,19
comportement,15,12,3
comportent,3,2,1
comporter,1,1,0
comportera,1,0,1
comporterait,1,0,1
composant,1,0,1
composantes,1,1,0
compose,1,1,0
composent,1,1,0
compossibilité,1,0,1
compossibles,1,1,0
compréhensible,3,0,3
compréhension,41,29,12
comprenait,1,1,0
comprend,26,14,12
comprendrait,2,1,1
comprendre,42,21,21
comprends,1,1,0
comprennent,5,0,5
comprenons,2,1,1
comprimée,1,0,1
comprimer,3,0,3
compris,17,9,8
comprise,11,4,7
compromet,6,5,1
compromettant,1,0,1
compromettrait,2,2,0
compromettre,4,3,1
compromis,1,1,0
compromission,1,1,0
comptabilise,1,1,0
comptabilité,6,2,4
comptant,4,1,3
compte,87,52,35
compté,1,0,1
comptent,2,2,0
"compter	librement",1,0,1
compterait,3,2,1
comptes,4,1,3
compulsion,1,0,1
conatus,21,0,21
concavité,1,1,0
concept,133,67,66
conception,27,20,7
concepts,27,14,13
conceptualisable,1,0,1
conceptualisation,10,6,4
conceptualise,3,0,3
conceptualisé,1,0,1
conceptualité,1,0,1
conceptuel,1,0,1
conceptuelle,1,1,0
conceptuelles,1,0,1
concernait,1,0,1
concernant,1,1,0
concerne,30,11,19
concernée,1,0,1
concernent,1,0,1
concerner,5,1,4
concernerait,1,1,0
concession,1,0,1
concessions,1,0,1
concevable,5,2,3
concevait,1,1,0
concevoir,12,9,3
conciliant,1,0,1
conciliation,3,3,0
concilie,4,4,0
concilier,1,1,0
conclue,1,0,1
conclusion,3,0,3
conclusions,1,1,0
conçois,1,1,0
conçoit,10,9,1
concours,1,0,1
concret,18,13,5
concrète,18,11,7
concrètement,29,25,4
concrètes,1,1,0
concrétion,1,0,1
concrétisation,6,6,0
"concrétisation	un",1,1,0
concrétise,7,7,0
concrétude,1,0,1
conçu,2,1,1
conçue,1,0,1
conçues,1,0,1
concupiscence,2,1,1
concurrence,1,0,1
concurrentes,1,1,0
condamnant,3,2,1
condamnation,1,1,0
condamnée,1,1,0
conditi,1,0,1
condition,99,62,37
conditionnant,2,1,1
conditionnante,1,1,0
conditionne,24,23,1
conditionné,12,4,8
conditionnée,5,4,1
conditionnels,1,0,1
conditionnement,7,6,1
conditionnent,2,2,0
conditions,22,10,12
conducteur,1,0,1
conduirait,1,1,0
conduire,7,2,5
conduit,10,9,1
conduite,1,1,0
conférant,4,1,3
confère,15,4,11
conférer,7,0,7
conférerait,1,1,0
confesse,1,0,1
confession,1,0,1
confiance,2,1,1
confiant,1,1,0
confie,2,1,1
confié,1,0,1
configuration,8,1,7
confins,4,0,4
confirmant,1,1,0
confirmation,5,4,1
confirme,19,12,7
confirmée,2,1,1
confirment,1,0,1
confirmer,6,3,3
confirmerait,2,2,0
conflit,3,0,3
conflits,1,1,0
confond,14,14,0
confondait,1,1,0
confondant,2,1,1
confondent,6,3,3
confondrait,1,1,0
confondre,7,4,3
confonds,1,0,1
confondues,1,1,0
conforme,3,2,1
conformément,4,1,3
conformer,1,1,0
conformerait,1,0,1
confort,2,2,0
confrontation,2,2,0
confronte,1,1,0
confuse,1,0,1
confusion,18,10,8
congé,2,2,0
congédie,1,1,0
congèle,1,1,0
congénitale,1,0,1
congruence,1,1,0
conjectures,1,1,0
conjointe,1,0,1
conjonction,27,3,24
conjonctions,1,0,1
conjoncture,34,17,17
"conjoncture	dans",1,0,1
conjuge,1,0,1
conjuguent,1,0,1
conjurée,1,0,1
conjurer,1,1,0
connais,2,1,1
connaissable,3,0,3
connaissait,1,0,1
connaissance,159,111,48
"connaissance	plus",1,0,1
connaissances,5,2,3
connaissant,21,14,7
connaissante,1,0,1
connaisse,1,1,0
connaissons,3,2,1
connaît,7,7,0
connaîtrait,1,1,0
connaître,30,18,12
connaturel,1,1,0
connexion,1,0,1
connu,27,11,16
connue,4,4,0
connues,3,0,3
connus,1,0,1
conque,1,0,1
conquérant,3,2,1
conquérir,1,1,0
conquête,3,2,1
conquiert,2,2,0
conquis,1,1,0
conquise,1,1,0
consacrant,1,0,1
consacre,5,2,3
consacrée,1,1,0
consacrent,4,1,3
consacrer,3,2,1
conscience,595,178,417
consciences,2,1,1
conscient,11,6,5
consciente,4,3,1
conscientes,2,2,0
consécration,1,0,1
conseil,1,1,0
consentement,5,2,3
consenti,1,0,1
consentie,3,0,3
consenties,1,0,1
consentir,1,1,0
consentit,1,0,1
conséquence,1,0,1
conséquences,5,4,1
conséquent,110,65,45
conservant,4,3,1
conservation,1,1,0
conserve,32,19,13
conservé,1,1,0
conservent,5,4,1
conserver,1,0,1
conservons,1,1,0
considération,14,10,4
considérations,2,2,0
considéré,2,2,0
considère,2,2,0
considérer,10,7,3
consigne,3,0,3
consistait,5,2,3
consistance,7,0,7
consistant,1,0,1
consiste,177,137,40
consisté,1,0,1
consistent,3,0,3
consister,8,1,7
consisterait,7,3,4
consistere,1,1,0
consolation,2,2,0
consolations,1,0,1
console,1,1,0
consoler,1,1,0
consolide,1,0,1
consommation,3,2,1
consomme,4,3,1
consommé,3,3,0
consommer,2,1,1
constamment,5,1,4
constance,1,1,0
constant,1,0,1
constante,1,1,0
constatable,1,0,1
constatation,1,1,0
constate,2,2,0
constatée,1,1,0
constater,2,2,0
constellation,1,1,0
constituait,3,2,1
constituant,16,13,3
constituante,13,13,0
constitue,103,88,15
constitué,13,9,4
constituée,6,2,4
constituées,1,1,0
constituent,17,13,4
constituer,19,16,3
constitueraient,1,1,0
constitueront,1,1,0
constitués,2,1,1
constitutif,1,1,0
constitution,30,25,5
constitutive,1,1,0
constitutives,1,1,0
constriction,3,0,3
constringente,1,0,1
construction,4,1,3
construire,2,1,1
construit,1,1,0
consumant,1,0,1
consumation,7,0,7
consume,1,0,1
consumer,3,2,1
contact,66,27,39
contacts,1,1,0
contamination,2,1,1
conte,2,1,1
contée,1,0,1
contemplant,2,1,1
contemplatif,1,0,1
contemplation,27,23,4
contemplatione,2,2,0
contemplative,1,1,0
contemple,7,7,0
contemplé,1,1,0
contemplée,2,2,0
contempler,2,1,1
contemporain,6,2,4
contemporaine,14,6,8
contemporaines,1,0,1
contemporains,3,0,3
contemporanéité,17,0,17
contenait,2,2,0
contenance,1,0,1
contenant,6,5,1
contenir,16,11,5
content,1,1,0
contente,7,6,1
contentement,17,16,1
contentent,2,2,0
contenter,1,1,0
contenu,88,59,29
contenue,1,0,1
contenus,22,17,5
contestait,1,0,1
contestant,1,0,1
contestation,14,3,11
conteste,11,6,5
contesté,3,2,1
contestent,2,2,0
contester,15,6,9
contestera,1,0,1
contestés,1,0,1
contestons,2,2,0
conteur,1,1,0
contexte,14,5,9
contexture,1,1,0
contienne,1,1,0
contiennent,1,1,0
contiens,2,2,0
contient,14,11,3
contigu,1,0,1
contiguïté,12,0,12
contingence,8,4,4
contingent,3,2,1
contingente,4,3,1
contingentes,1,1,0
continu,5,4,1
continuation,4,4,0
continue,13,9,4
continuée,1,1,0
continuellement,1,1,0
continuité,28,21,7
contour,1,1,0
contours,5,2,3
contracte,1,0,1
contracté,3,0,3
contractée,5,0,5
contraction,16,4,12
contradiction,23,11,12
contradictoire,7,4,3
contradictoires,3,2,1
contrainte,5,1,4
contraire,60,29,31
contrairement,22,14,8
contrariant,1,0,1
contrarie,1,0,1
contrariée,3,0,3
contrarier,1,0,1
contrariés,1,1,0
contraste,1,1,0
contrat,3,0,3
contre,136,84,52
contrebalancer,1,0,1
contrebande,1,0,1
contredirait,2,1,1
contredire,1,0,1
contredisent,1,1,0
contredit,3,3,0
contrefait,1,0,1
contrepartie,3,2,1
contrepied,1,1,0
contresens,1,0,1
contretemps,4,0,4
contribuant,1,0,1
contribué,1,1,0
contribution,2,1,1
contrôle,6,1,5
contumace,3,3,0
convainc,1,1,0
convenance,4,4,0
conventionnel,1,0,1
conventions,4,1,3
convenu,1,1,0
converge,1,1,0
convergence,1,1,0
convergent,1,1,0
conversant,1,1,0
conversation,3,0,3
conversations,1,0,1
conversion,2,1,1
convertible,7,3,4
convertibles,1,1,0
convertie,1,1,0
convertir,5,5,0
convertirait,1,1,0
convertissant,3,0,3
convertisse,2,2,0
convertit,11,6,5
convexité,1,1,0
conviction,5,5,0
conviendra,1,1,0
conviennent,1,0,1
convient,20,9,11
convoité,1,1,0
convoiterait,1,1,0
convoitise,1,1,0
coordinateurs,1,1,0
coordonnées,1,1,0
copernicienne,1,0,1
coprésence,4,0,4
copule,4,0,4
copules,1,0,1
coquette,1,1,0
coquille,1,0,1
coram,1,0,1
cordes,3,0,3
cordon,1,0,1
corporéité,26,10,16
corporel,1,1,0
corporelle,7,6,1
corporellement,2,2,0
corps,139,99,40
correction,1,0,1
corrélat,1,0,1
corrélatif,29,10,19
corrélatifs,4,1,3
corrélation,59,7,52
corrélative,20,9,11
corrélativement,1,1,0
corrélats,3,0,3
correspond,11,6,5
correspondance,3,3,0
correspondent,1,0,1
correspondrait,3,2,1
correspondre,3,0,3
corrigeait,1,1,0
corriger,2,2,0
corrompre,1,1,0
corruption,5,2,3
cosmos,1,1,0
cosse,1,0,1
côté,30,18,12
côtés,7,4,3
côtoie,2,1,1
côtoiement,1,1,0
côtoient,1,1,0
côtoyer,2,1,1
couchant,2,1,1
couche,1,0,1
coulant,5,2,3
coule,9,6,3
coulent,1,1,0
couler,1,1,0
couleur,8,4,4
couleurs,11,3,8
coup,42,25,17
"coup	assomption",1,0,1
coupable,9,2,7
coupant,1,0,1
coupe,4,3,1
coupé,6,2,4
couper,1,1,0
couple,5,1,4
couples,1,0,1
coups,2,2,0
coupure,8,4,4
cour,1,0,1
courage,8,7,1
courait,3,0,3
courant,15,8,7
courante,1,1,0
courantes,1,0,1
courbe,2,2,0
courbure,8,8,0
courir,7,2,5
couronner,1,1,0
cours,12,5,7
course,3,2,1
court,18,10,8
courte,1,0,1
courue,1,1,0
cousue,1,0,1
coûte,3,0,3
couteau,1,1,0
coutume,4,1,3
coutumes,1,0,1
couve,1,1,0
couvert,3,0,3
couverture,1,0,1
couvertures,1,0,1
couvre,3,0,3
couvrir,1,1,0
couvrirait,1,0,1
craindre,2,2,0
crainte,1,0,1
craquement,1,0,1
cratyle,2,2,0
crayon,1,0,1
créateur,4,3,1
création,42,27,15
créatrice,3,3,0
créature,25,16,9
créaturialité,1,0,1
credimus,1,1,0
crée,5,2,3
créé,8,8,0
créée,6,6,0
créent,1,1,0
créer,3,3,0
crépuscule,1,1,0
creusant,1,0,1
creuse,14,11,3
creusée,1,1,0
creux,1,1,0
crève,1,1,0
cri,4,3,1
crie,2,1,1
crimes,1,1,0
crispation,1,0,1
crispe,1,0,1
crispée,1,1,0
crissement,1,0,1
cristallisation,2,2,0
cristallise,2,1,1
cristallisent,1,1,0
criticisme,3,0,3
critique,42,31,11
"critique	",1,1,0
croira,1,0,1
croirait,1,0,1
croire,4,4,0
crois,1,0,1
croissance,1,0,1
croissante,1,0,1
croit,1,1,0
cronos,1,1,0
croûte,2,1,1
croyance,1,1,0
croyances,2,1,1
croyant,1,1,0
croyants,1,1,0
cruauté,5,2,3
crue,2,2,0
cruel,4,4,0
cueille,1,1,0
cuisson,1,0,1
cuistre,1,1,0
cujus,2,2,0
culmine,1,0,1
culpa,1,1,0
"culpa	le",1,1,0
culpabilité,6,2,4
cultes,1,0,1
cultivateur,1,1,0
cultivé,1,1,0
cultiver,1,1,0
culture,1,0,1
culturel,3,0,3
culturelle,3,0,3
cupere,1,1,0
curieuse,1,1,0
curieux,3,2,1
curiosité,2,1,1
cycle,1,0,1
cyniques,1,0,1
cynisme,1,1,0
dame,1,1,0
damnation,1,1,0
danger,7,3,4
dangereuse,4,0,4
dangereusement,1,0,1
dangers,2,1,1
dans,4124,1885,2239
dansÂ·,1,1,0
dard,1,0,1
das,1,0,1
dasein,5,4,1
date,1,1,0
datur,1,1,0
davantage,26,14,12
deÂ·,2,1,1
débiteur,1,0,1
débordant,19,12,7
débordante,1,1,0
déborde,30,19,11
débordée,1,0,1
débordement,24,19,5
débordent,1,0,1
déborder,4,4,0
déborderait,1,0,1
débouchant,1,0,1
débouche,2,2,0
déboucher,3,3,0
débrouiller,1,0,1
débusqué,1,0,1
début,6,3,3
débutante,1,0,1
deçÃ ,173,27,146
décalage,9,5,4
décence,5,5,0
déception,4,0,4
déceptions,1,1,0
décevoir,1,1,0
décharge,1,1,0
décharger,1,0,1
déchéance,13,13,0
déchet,1,0,1
déchets,5,5,0
déchiffre,1,1,0
déchiffrement,3,2,1
déchiffrent,1,1,0
déchiffrer,2,2,0
déchire,5,4,1
déchirées,1,1,0
déchirement,3,3,0
déchirent,1,1,0
déchirer,1,0,1
déchirures,1,0,1
déchu,1,1,0
décide,2,2,0
décidé,1,1,0
décident,1,1,0
décider,5,2,3
décidés,1,1,0
décision,12,0,12
décisions,1,0,1
déclarer,1,1,0
déclenche,1,1,0
déclenchée,1,1,0
déclenchement,1,1,0
déclencher,1,1,0
déclinabilité,1,0,1
déclinable,1,0,1
déclinaison,3,0,3
déclinant,1,1,0
décline,1,0,1
décliné,1,0,1
décliner,4,0,4
décodage,3,0,3
déçoit,1,0,1
décollant,1,0,1
décolle,1,0,1
décollé,1,1,0
décoller,1,1,0
décombres,1,0,1
décompose,1,0,1
décomposition,3,0,3
décor,2,2,0
décoratifs,1,1,0
découle,9,8,1
découler,3,0,3
découpage,1,0,1
découpe,2,2,0
découvert,21,10,11
découverte,31,11,20
découverts,1,0,1
découvrant,8,3,5
découvre,35,24,11
découvrent,1,0,1
découvrir,14,9,5
découvrira,1,1,0
découvrons,1,1,0
décrira,4,1,3
décrire,25,16,9
"décrire	signifie",1,0,1
décrit,40,20,20
décrite,9,5,4
décrites,1,1,0
décrits,1,1,0
décrivait,1,1,0
décrivant,3,2,1
décrive,1,1,0
décrivent,6,3,3
décrivons,3,3,0
décroît,1,0,1
dédaigneuse,1,0,1
dédaigneusement,1,1,0
dédaigneux,1,1,0
dedans,7,4,3
dédicace,1,0,1
dédire,6,1,5
dédisant,1,0,1
dédit,5,0,5
déductible,2,1,1
déduction,6,2,4
"déduction	nécessaire",1,1,0
déduire,7,4,3
déduisent,1,1,0
déduit,16,13,3
déduite,1,1,0
deesse,1,1,0
défaillance,13,9,4
défaire,8,5,3
défaisant,8,1,7
défait,19,4,15
défaite,11,3,8
défaut,16,8,8
défauts,1,1,0
défection,17,0,17
defectus,1,1,0
défend,4,4,0
défendre,3,2,1
défense,9,6,3
défenses,1,0,1
défiant,1,0,1
déficience,4,1,3
déficient,1,1,0
déficit,6,1,5
défie,2,2,0
défiguration,1,1,0
défini,6,5,1
définie,2,1,1
définies,1,1,0
définir,13,6,7
définirait,3,2,1
définis,2,1,1
définissaient,1,1,0
définissait,1,1,0
définissant,2,1,1
définisse,1,1,0
définissent,6,5,1
définit,30,27,3
définitif,16,15,1
définition,21,16,5
définitive,2,2,0
défont,1,0,1
déformalisation,1,1,0
déformalise,1,1,0
déformante,1,0,1
déformation,1,0,1
déforme,3,3,0
déformée,1,0,1
dégage,7,3,4
dégagé,5,1,4
dégageant,4,1,3
dégagée,4,4,0
dégagées,1,1,0
dégagement,9,6,3
dégager,10,3,7
dégagera,2,2,0
dégagés,1,1,0
dégénérescence,4,1,3
dégoûts,1,0,1
dégradation,3,2,1
dégrade,1,1,0
dégradent,1,0,1
dégrader,1,1,0
dégraderait,1,1,0
degré,15,11,4
degrés,1,1,0
dégustation,1,0,1
déhiscence,1,0,1
dehors,154,82,72
dei,2,2,0
déjÃ ,485,227,258
déjÃ Â·,1,1,0
déjouant,2,1,1
déjoue,4,1,3
déjouer,1,1,0
dela,1,1,0
delÃ ,347,113,234
délai,8,5,3
délaissé,2,1,1
délaissement,3,0,3
delhomme,1,0,1
délibération,3,0,3
délibéré,1,1,0
délicieuse,2,2,0
délier,2,2,0
délimite,1,1,0
délimitent,1,1,0
délimités,1,1,0
délire,7,3,4
délires,1,0,1
délivrance,5,0,5
délivre,10,9,1
délivré,1,0,1
délivrent,1,1,0
délivrer,1,0,1
déluge,1,1,0
démagogie,2,2,0
demandant,4,1,3
demande,20,8,12
demander,35,7,28
demandera,1,0,1
demandons,1,0,1
démangeaison,3,0,3
démarche,6,6,0
démarches,2,1,1
dément,1,1,0
démentent,1,1,0
démenti,5,1,4
démentie,4,4,0
démentir,8,1,7
démentiraient,1,0,1
démentirait,3,0,3
démentis,1,0,1
démesure,15,4,11
démesuré,4,0,4
demeurait,2,2,0
demeurant,8,7,1
demeure,145,109,36
demeuré,1,1,0
demeurent,10,9,1
demeurer,17,9,8
demeurerait,1,1,0
démission,3,0,3
démiurgique,1,1,0
démolirait,1,1,0
démolit,1,1,0
démon,3,3,0
démonstration,3,0,3
démonte,1,0,1
démontrée,1,1,0
démontrer,1,1,0
démystification,1,0,1
démystifier,1,0,1
démythisation,1,0,1
déni,1,1,0
dénivellement,1,1,0
dénomination,9,0,9
dénommées,1,0,1
dénonçait,1,1,0
dénonçant,3,3,0
dénonce,5,4,1
dénoncé,1,0,1
dénoncée,1,0,1
dénoncent,1,0,1
dénoncer,6,2,4
dénoncerait,1,1,0
dénonciation,4,3,1
dénote,2,2,0
dénoue,2,1,1
dénouement,5,1,4
dénoyautent,1,0,1
dent,1,0,1
dents,1,1,0
dénucléation,5,0,5
dénudant,3,0,3
dénudation,15,0,15
dénude,8,1,7
dénudé,1,0,1
dénuder,1,1,0
dénué,1,0,1
dénuement,3,3,0
dépareillé,4,0,4
dépareillée,1,0,1
dépareillés,3,0,3
départ,26,7,19
départagées,1,1,0
dépassable,1,0,1
dépassant,9,6,3
dépasse,27,24,3
dépassé,7,6,1
dépasseÂ·,1,1,0
dépassement,13,12,1
dépasser,4,4,0
dépasserait,1,1,0
dépaysement,2,2,0
dépeindrait,1,0,1
dépend,11,10,1
dépendance,34,33,1
dépendances,1,1,0
dépendant,4,4,0
dépendante,1,1,0
dépende,1,1,0
dépendent,1,1,0
dépendre,1,1,0
dépends,1,1,0
dépense,5,1,4
dépérissement,1,0,1
dépersonnalisation,1,1,0
dépersonnalise,1,1,0
dépêtrer,1,0,1
déphasage,17,0,17
déphasant,1,0,1
déphasé,1,0,1
dépit,3,3,0
déplace,1,1,0
déplacé,1,0,1
déplacement,3,0,3
déplacer,1,0,1
déploie,11,8,3
déploiement,7,6,1
déploient,1,0,1
déposant,1,1,0
dépose,1,0,1
déposé,3,0,3
déposés,1,1,0
déposition,8,0,8
déposséder,2,1,1
dépossession,6,2,4
dépouillant,8,1,7
dépouille,8,3,5
dépouillé,6,1,5
dépouillement,5,0,5
dépouiller,5,2,3
dépouillerait,1,0,1
dépourvu,2,2,0
dépourvue,2,2,0
déprendre,3,0,3
depuis,22,9,13
der,5,1,4
déraciné,1,0,1
déracinée,2,2,0
déracinement,3,3,0
dérange,1,0,1
dérangé,1,0,1
dérangement,3,0,3
dérèglement,3,0,3
déréliction,4,3,1
dérision,1,0,1
dérisoire,1,1,0
dérivant,1,0,1
dérive,4,0,4
dérivé,1,0,1
dérivée,1,1,0
dérivées,1,0,1
dérivés,1,0,1
dernier,23,12,11
dernière,16,16,0
dernières,1,1,0
dérobade,18,1,17
dérobant,1,1,0
dérobe,2,2,0
dérobé,2,1,1
dérober,24,4,20
déroge,1,0,1
déroulant,1,0,1
déroule,8,4,4
déroulement,5,2,3
déroulent,4,0,4
dérouler,5,2,3
derrière,73,30,43
des,968,516,452
dès,154,54,100
desÂ·,1,1,0
désaccord,2,2,0
désacralise,1,1,0
désagréable,1,1,0
désarçonne,1,0,1
désarçonné,1,0,1
désarçonner,1,0,1
désarticuler,1,0,1
descartes,32,25,7
descartesÂ·,1,1,0
descend,2,2,0
descendance,1,1,0
descendant,2,2,0
descente,13,12,1
description,28,8,20
descriptions,1,1,0
désensibilisé,1,0,1
désensorcelle,1,1,0
déséquilibre,1,0,1
désert,1,0,1
désertant,1,0,1
désertion,5,1,4
déserts,1,0,1
désespéré,2,2,0
désespère,1,1,0
désespérée,2,2,0
désespérément,1,1,0
désespérer,1,1,0
désespérés,1,1,0
désespoir,1,1,0
déshérence,2,2,0
désignable,3,0,3
désignant,13,2,11
désignation,8,0,8
désigne,50,21,29
désigné,5,0,5
désignée,5,2,3
désignent,3,0,3
désigner,7,3,4
désignerait,4,1,3
désignons,2,1,1
désincarnation,1,1,0
désincarné,1,1,0
désincarnée,2,2,0
désincarner,1,1,0
désindividuant,1,1,0
désindividuation,1,1,0
désintégration,1,0,1
désintéresse,1,0,1
désintéressé,1,1,0
désintéressée,3,3,0
désintéressement,43,2,41
désintéresser,1,0,1
désir,166,151,15
désirable,10,7,3
désirant,3,3,0
désire,11,11,0
désiré,9,6,3
désirée,1,1,0
désirer,5,5,0
désirs,9,4,5
désolé,1,0,1
désordonné,1,1,0
désordre,8,0,8
désorganisée,1,1,0
désormais,10,5,5
dessaisie,1,1,0
dessaisissement,1,1,0
dessaisit,2,1,1
dessein,3,3,0
desseins,11,6,5
desserrage,1,0,1
desserrant,1,0,1
desserre,3,0,3
desserrent,1,1,0
dessin,11,7,4
dessinant,5,2,3
dessine,47,32,15
dessiné,1,0,1
dessinée,1,0,1
dessinent,7,4,3
dessiner,3,2,1
dessinés,1,1,0
dessins,2,2,0
dessous,1,1,0
dessus,40,28,12
destin,47,26,21
destination,1,1,0
destine,1,0,1
destinée,6,5,1
destitué,3,0,3
destitution,3,0,3
destructible,1,1,0
destruction,7,4,3
destructrice,1,1,0
destructure,1,0,1
détachant,1,1,0
détache,8,4,4
détaché,3,3,0
détachée,3,3,0
détachement,4,3,1
détacher,9,5,4
détail,4,0,4
détend,4,0,4
détendu,3,0,3
détendue,2,1,1
détente,9,2,7
déterminait,1,1,0
déterminant,5,2,3
déterminante,1,1,0
déterminants,1,1,0
détermination,13,5,8
déterminations,1,1,0
détermine,19,14,5
déterminé,11,10,1
déterminée,6,2,4
déterminer,8,5,3
déterminerait,2,2,0
déterminés,1,0,1
déterminisme,7,4,3
déthématisation,1,0,1
détiennent,1,1,0
détiens,1,1,0
détient,1,0,1
détour,10,1,9
détournée,2,2,0
détraque,1,0,1
détruira,1,1,0
détruirait,3,3,0
détruire,8,5,3
détruisant,1,0,1
détruise,2,2,0
détruit,7,4,3
dette,15,0,15
deucalion,2,1,1
deus,1,0,1
deux,53,33,20
deuxième,12,8,4
devaient,5,1,4
devais,1,1,0
devait,18,11,7
devaitÂ·,1,1,0
devançant,1,0,1
devance,1,0,1
devancée,1,0,1
devant,102,46,56
développe,3,2,1
développé,1,1,0
développée,1,1,0
développement,5,4,1
développements,4,4,0
développer,1,1,0
développons,1,1,0
devenait,1,1,0
devenant,9,8,1
devenir,29,20,9
devenu,2,1,1
devenue,5,0,5
devenues,1,1,0
déverrouille,1,1,0
déverrouillèrent,1,0,1
déversement,1,1,0
dévidant,3,0,3
dévidement,1,0,1
deviendra,2,2,0
deviendrait,1,0,1
devienne,4,4,0
deviennent,9,8,1
devient,55,46,9
devination,3,0,3
devine,2,2,0
deviné,1,1,0
devinée,1,1,0
deviner,1,1,0
dévisage,1,0,1
dévisagé,1,0,1
dévoilant,1,0,1
dévoile,12,8,4
dévoilé,17,5,12
dévoilement,54,22,32
dévoiler,7,6,1
dévoilerait,1,0,1
dévoilés,1,0,1
dévoilons,1,1,0
devoir,10,2,8
devoirs,5,1,4
devons,1,0,1
dévore,1,0,1
devrait,17,10,7
dia,1,0,1
diabolique,1,1,0
diachrone,1,0,1
diachronie,116,0,116
diachronique,15,0,15
diachroniquement,3,0,3
diachronise,1,0,1
dialectique,34,21,13
dialectiquement,7,7,0
dialectiques,3,0,3
dialogale,1,1,0
dialogue,28,4,24
diastase,9,0,9
diastole,1,0,1
diatase,1,0,1
dich,1,0,1
dichotomies,1,1,0
dictée,1,0,1
dictionnaires,1,0,1
die,2,1,1
diem,1,1,0
diérèse,3,0,3
dieu,129,63,66
dieux,20,16,4
diffère,20,11,9
différemment,1,1,0
différence,123,27,96
différences,6,3,3
différent,18,11,7
diffèrent,1,1,0
différente,20,7,13
différentes,8,4,4
differentiam,1,1,0
différents,8,1,7
différer,5,0,5
difficile,4,1,3
difficilement,1,0,1
difficulté,3,3,0
difficultés,2,2,0
diffus,3,0,3
dignité,10,5,5
digression,1,0,1
dilemme,7,0,7
dimension,63,62,1
dimensions,3,0,3
diminuée,2,1,1
diminuer,1,1,0
diminution,7,6,1
dinge,1,0,1
dionysiaque,1,1,0
dioptique,1,0,1
diplomatie,1,1,0
dira,7,3,4
diraient,1,0,1
dirait,6,5,1
dire,858,243,615
direct,9,6,3
directe,5,5,0
directement,2,1,1
directeur,1,0,1
direction,5,2,3
directs,1,1,0
dirige,7,7,0
dirigé,3,3,0
dirigeant,1,1,0
dirigée,1,0,1
dirigées,2,2,0
dirigent,1,1,0
diriger,2,2,0
dirigerait,1,1,0
dirons,6,6,0
diront,1,1,0
dis,3,2,1
disant,19,7,12
discernable,1,0,1
discipline,1,0,1
discontinu,5,5,0
discontinue,2,1,1
discontinuité,13,10,3
discontinûment,1,1,0
discours,231,138,93
discréditée,1,1,0
discret,1,1,0
discrète,1,1,0
discrètement,1,1,0
discrétion,4,4,0
discrets,1,0,1
discursion,3,0,3
dise,4,1,3
disjoindre,3,0,3
disjonction,3,0,3
disloquerait,1,1,0
disons,3,2,1
disparaissent,2,2,0
disparaît,11,10,1
disparaîtrait,1,1,0
disparaître,11,8,3
disparate,1,0,1
disparité,3,0,3
disparition,6,6,0
disparu,1,0,1
dispense,1,1,0
dispensé,1,1,0
dispersant,1,0,1
disperse,2,1,1
disperser,1,1,0
dispersion,15,3,12
dispersions,1,0,1
disponible,1,0,1
disposant,2,1,1
dispose,13,13,0
disposé,1,0,1
disposer,2,1,1
disposerait,1,0,1
disposition,15,8,7
dispositions,2,2,0
disposons,1,1,0
disproportion,3,2,1
disproportionné,1,0,1
disproportionnées,1,0,1
disqualification,1,0,1
dissémination,4,0,4
dissimulant,3,0,3
dissimulation,9,4,5
dissimulations,3,0,3
dissimule,20,11,9
dissimulé,6,1,5
dissimulée,3,0,3
dissimulées,4,1,3
dissimulent,5,1,4
dissimuler,9,2,7
dissimuleraient,1,0,1
dissimulerait,1,0,1
dissipant,1,0,1
dissipe,2,2,0
dissipée,1,0,1
dissiper,1,0,1
dissolution,2,2,0
dissolvant,1,0,1
dissolvent,1,0,1
dissoudrait,1,1,0
dissoudre,3,3,0
dissous,1,1,0
dissout,7,6,1
dissymétrie,2,1,1
distance,112,83,29
distances,5,4,1
distant,2,1,1
distante,2,2,0
distants,1,1,0
distension,2,2,0
distinct,15,11,4
distincte,15,10,5
distinctes,2,1,1
distinctif,1,1,0
distinction,50,29,21
distincts,6,5,1
distinguait,3,2,1
distinguant,4,3,1
distingue,36,25,11
distingué,4,4,0
distinguée,1,0,1
distinguent,2,1,1
distinguer,13,8,5
distingueraient,1,1,0
distinguerait,2,1,1
distinguons,1,0,1
distorsion,1,0,1
distraction,4,0,4
distraire,1,0,1
dit,514,50,464
dite,29,6,23
dites,4,1,3
dits,6,2,4
diurne,2,2,0
divers,13,4,9
diverses,4,3,1
diversité,4,1,3
divertissant,1,0,1
divertissement,2,1,1
divertissent,1,1,0
divin,8,5,3
divinae,1,1,0
divination,1,1,0
divinatoire,1,1,0
divine,9,8,1
divinement,1,1,0
divinisation,1,1,0
divinité,7,4,3
divisibilité,1,1,0
division,4,0,4
divulgue,1,0,1
doch,1,0,1
dociles,1,0,1
doctrine,1,1,0
dogmatique,2,2,0
dogmatisme,5,4,1
doigt,5,1,4
doigts,1,0,1
dois,1,1,0
doit,99,47,52
doivent,8,4,4
dolence,11,0,11
domaine,4,4,0
domestiquer,1,0,1
domicile,5,4,1
domicilié,1,1,0
dominait,1,1,0
dominant,9,5,4
dominante,6,1,5
dominateur,1,0,1
domination,16,9,7
domine,18,14,4
dominé,1,0,1
dominée,1,0,1
dominer,6,5,1
domo,1,1,0
domptant,1,0,1
domptée,1,1,0
don,20,8,12
donation,27,4,23
donatrice,3,0,3
donc,161,84,77
donna,1,0,1
donnait,1,1,0
donnant,12,7,5
donne,52,36,16
donné,50,25,25
donnée,22,15,7
données,12,8,4
donnent,4,3,1
donner,65,16,49
donnera,1,0,1
donneraient,1,0,1
donnés,7,4,3
donneur,1,1,0
dont,433,235,198
dorénavant,1,1,0
dormir,1,1,0
dort,2,1,1
dos,2,1,1
dossier,2,2,0
dostoïevski,1,0,1
doublant,9,1,8
double,11,3,8
doubler,3,0,3
doublerait,1,0,1
douce,3,2,1
douceur,10,10,0
doué,11,6,5
douée,3,3,0
doués,4,1,3
douleur,48,9,39
douleurs,1,1,0
douloureusement,1,0,1
douloureux,1,0,1
doute,29,13,16
douté,1,0,1
douter,4,4,0
doux,2,2,0
doxa,9,0,9
doxique,7,0,7
doxiques,4,0,4
dramatique,1,1,0
dramatise,1,0,1
dramatisent,1,0,1
drame,15,10,5
draperies,1,1,0
dressé,1,1,0
drogue,1,0,1
droit,34,17,17
droite,8,7,1
droits,8,4,4
droiture,19,14,5
dualisme,2,1,1
dualité,12,7,5
dubitare,1,1,0
due,8,3,5
dues,1,1,0
dufy,1,0,1
duo,1,0,1
dupe,2,1,1
dupes,1,0,1
duplicité,1,0,1
duquel,15,14,1
dur,3,0,3
durable,4,4,0
durables,1,1,0
dure,10,7,3
durée,26,15,11
durent,1,0,1
dureté,7,4,3
durkheim,4,4,0
dussent,1,1,0
dût,1,0,1
dynamique,1,0,1
dynamiquement,1,0,1
dynamisme,10,3,7
eadem,1,1,0
eau,6,3,3
eaux,4,0,4
ébranlant,1,1,0
ébranle,3,0,3
ébranlement,3,2,1
ébranlent,1,0,1
ébranlerait,1,1,0
ébranlés,1,0,1
ecart,2,1,1
écart,21,4,17
écartant,4,1,3
écarte,7,0,7
écarté,1,0,1
écartent,2,1,1
écarter,1,0,1
écarts,1,0,1
ecclésiastique,1,0,1
échafaudages,1,0,1
échange,10,2,8
échangées,1,1,0
échangent,1,0,1
échanger,2,2,0
échanges,1,0,1
échappant,11,6,5
échappatoire,1,0,1
échappe,31,15,16
échappé,2,1,1
échappent,3,0,3
échapper,10,6,4
échapperait,1,1,0
écharde,3,0,3
échéance,2,1,1
échéances,1,1,0
échec,23,15,8
échecs,1,0,1
échelle,2,1,1
écheveau,3,0,3
écho,18,5,13
échos,4,1,3
échoue,1,0,1
echouer,1,0,1
échouerait,1,1,0
échu,1,0,1
éclair,1,0,1
éclairage,1,0,1
éclairant,1,0,1
éclairante,1,1,0
éclaircissements,1,1,0
éclaire,14,6,8
éclairé,5,4,1
éclairée,2,2,0
éclairées,1,0,1
éclairent,5,1,4
eclairer,1,1,0
éclairer,6,5,1
éclaireur,2,2,0
éclat,4,3,1
éclatant,1,1,0
éclate,8,1,7
éclatement,16,3,13
éclatent,4,0,4
éclater,12,4,8
écÅ“urant,3,0,3
école,2,2,0
économie,23,22,1
économique,17,17,0
économiquement,2,2,0
économiques,1,1,0
économiste,1,1,0
écorce,2,2,0
écoulant,1,1,0
écoule,4,3,1
écoulé,4,3,1
écoulement,9,2,7
écoulent,1,1,0
écoute,21,6,15
écouter,1,0,1
écran,3,3,0
écrans,1,0,1
écrasante,5,1,4
écrase,1,1,0
écrire,2,1,1
ecrit,1,0,1
écrit,27,7,20
écrite,2,2,0
écrites,1,0,1
écrits,6,2,4
ecriture,1,0,1
écriture,15,3,12
écrivant,1,0,1
edgar,1,1,0
édifiante,1,0,1
édifices,1,0,1
édifie,2,2,0
edit,1,1,0
éducation,1,1,0
effaçant,4,0,4
efface,13,5,8
effacée,2,1,1
effacement,4,0,4
effacent,3,0,3
effacer,6,2,4
effacera,2,2,0
effectif,1,1,0
effective,2,2,0
effectivement,2,1,1
effectuant,2,2,0
effectuation,5,2,3
effectue,13,10,3
effectué,1,0,1
effectuée,1,1,0
effectuent,1,1,0
effectuer,4,1,3
effectuons,1,1,0
effémination,1,1,0
effet,109,61,48
effets,2,2,0
efficace,1,1,0
efficaces,1,0,1
efficacité,8,0,8
efficiente,1,1,0
efforce,4,0,4
efforcerait,1,1,0
efforçons,1,0,1
effort,21,8,13
efforts,3,0,3
effraction,3,2,1
effraie,3,3,0
effrayant,1,1,0
effrayer,1,0,1
effrite,1,1,0
effritement,2,2,0
effrontément,1,1,0
effusion,1,0,1
égal,6,2,4
égalant,3,0,3
égale,11,2,9
également,8,4,4
égaler,2,1,1
égalisant,1,0,1
égalise,1,0,1
égalitaire,1,0,1
égalité,43,11,32
égard,131,77,54
égards,1,1,0
égarement,1,1,0
égarent,1,1,0
égaux,4,4,0
ego,9,6,3
egoïsme,1,1,0
égoïsme,61,49,12
égoïsmes,5,1,4
egoïste,1,1,0
égoïste,21,20,1
égoïstes,2,2,0
égoïté,6,1,5
égologie,1,1,0
égologique,1,1,0
égrène,1,1,0
égrènement,3,0,3
eidétique,5,0,5
eidétiquement,1,0,1
eidos,4,0,4
eiffel,1,1,0
einfÃ¼hlung,1,0,1
eius,1,1,0
élaborées,1,1,0
élaborer,2,2,0
élan,7,6,1
élance,1,1,0
élancé,1,1,0
élans,1,1,0
élargissement,1,0,1
élargissent,1,1,0
élargit,4,0,4
éléatique,1,1,0
électeur,1,0,1
election,3,0,3
élection,29,8,21
élément,107,83,24
élémentaire,5,5,0
élémentaires,1,1,0
élémental,16,16,0
élémentale,2,2,0
élémentales,1,1,0
éléments,56,37,19
élevant,2,1,1
élévation,12,7,5
élevé,2,2,0
élève,14,11,3
élever,3,3,0
élèverait,1,1,0
élevés,1,0,1
elies,1,0,1
éliminable,1,0,1
élimine,1,0,1
éliminé,1,0,1
élire,4,0,4
élision,1,0,1
élit,3,0,3
elites,1,0,1
élites,1,0,1
elle,1522,873,649
elleÂ·,2,2,0
elles,114,57,57
ellesÂ·,2,2,0
elliptique,1,0,1
éloignaient,1,1,0
éloignant,1,0,1
éloigne,11,8,3
éloigné,4,4,0
éloignée,2,1,1
eloignement,1,1,0
éloignement,12,8,4
éloignent,1,0,1
éloigner,5,1,4
elu,1,0,1
élu,25,5,20
élude,1,1,0
éludé,1,0,1
éludée,1,0,1
élus,2,2,0
émanation,3,2,1
émane,2,1,1
émanerait,1,1,0
embarcation,1,0,1
embarrasse,2,2,0
embellies,1,1,0
emblée,40,7,33
emboîte,1,1,0
emboîtement,3,0,3
embourbe,1,1,0
embrase,1,1,0
embrasement,1,1,0
embrassable,1,1,0
embrasse,11,3,8
embrassé,1,1,0
embrassement,2,1,1
embrasser,5,4,1
embrasserait,4,4,0
embryon,1,1,0
embryonnaire,1,1,0
embuscade,1,1,0
ème,1,0,1
émerge,2,1,1
émergent,4,1,3
émet,1,1,0
émettent,1,0,1
émetteur,1,1,0
éminemment,6,3,3
éminence,2,2,0
éminent,5,5,0
éminente,1,0,1
émis,2,1,1
émises,1,0,1
émission,3,0,3
emmurante,1,0,1
emmure,1,0,1
emmuré,1,0,1
emmurement,1,0,1
emmurer,1,0,1
émotion,6,3,3
émousse,1,1,0
émouvant,1,1,0
empare,5,2,3
emparer,3,2,1
empêche,12,5,7
empêché,2,1,1
empêchée,3,3,0
empêchement,1,0,1
empêchent,1,0,1
empêcher,2,1,1
empêtre,1,1,0
empêtrée,1,0,1
emphase,5,0,5
empire,1,1,0
empires,3,3,0
empirie,5,2,3
empirique,21,12,9
empiriquement,7,2,5
empiriques,6,5,1
empirisme,2,2,0
empiriste,2,1,1
emplie,1,0,1
emploi,1,0,1
employées,1,1,0
employons,2,2,0
emporte,7,6,1
emporter,4,4,0
emporterait,1,1,0
empresse,1,1,0
emprise,20,11,9
emprisonne,1,1,0
emprisonné,1,1,0
emprunt,7,0,7
empruntant,1,0,1
emprunte,4,3,1
emprunté,3,0,3
empruntée,9,4,5
empruntées,1,0,1
empruntent,3,3,0
emprunteraient,1,1,0
emprunterait,2,2,0
empyrée,1,0,1
encastrer,1,0,1
encercler,1,0,1
enchaînant,1,0,1
enchaînée,1,1,0
enchaînées,1,1,0
enchaînement,4,3,1
enchaînent,2,1,1
enclin,1,0,1
enclore,1,0,1
encombrant,1,0,1
encombré,4,3,1
encombrement,6,3,3
encore,285,140,145
encourage,1,0,1
encre,1,0,1
endettement,1,0,1
endormir,1,1,0
endosser,1,0,1
endroit,16,8,8
énergie,27,16,11
"énergie	du",1,1,0
enfance,5,2,3
enfant,27,24,3
enfanté,1,0,1
enfantillage,1,0,1
enfantin,2,2,0
enfermant,2,1,1
enferme,7,0,7
enfermé,6,1,5
enfermée,5,4,1
enferment,1,1,0
enfermer,10,6,4
enfermerait,2,1,1
enfers,1,1,0
enfin,9,8,1
enfonce,1,0,1
enfoncement,1,1,0
enfoncer,2,2,0
enfouie,1,0,1
enfumées,1,1,0
engage,10,7,3
engagé,4,3,1
engageait,1,1,0
engageant,2,2,0
engagée,4,0,4
engagement,63,10,53
engagements,4,1,3
engagent,1,1,0
engager,4,1,3
engagerait,1,0,1
engagés,1,1,0
engendrant,3,3,0
engendre,6,6,0
engendré,1,1,0
engendrée,2,2,0
engendrent,1,1,0
engendrer,2,2,0
engendrerait,1,1,0
engendrés,1,0,1
englobable,3,3,0
englobait,2,2,0
englobant,2,2,0
englobante,3,0,3
englobe,14,9,5
englobé,3,3,0
englobée,1,0,1
englobent,1,0,1
englober,7,6,1
engloberait,3,3,0
englobés,1,1,0
englouti,1,1,0
engloutir,3,0,3
engloutissant,2,1,1
engloutissement,1,0,1
engloutit,6,3,3
engrenage,1,0,1
énigmatique,5,1,4
énigmatiquement,8,0,8
enigme,5,0,5
énigme,29,1,28
enim,2,2,0
enivrantes,1,1,0
enjamber,1,1,0
enjeu,1,0,1
enlevant,1,1,0
enlevé,1,0,1
enlève,5,4,1
enlèvent,2,1,1
enlever,5,5,0
enlèverait,1,1,0
enlise,1,0,1
enliser,1,0,1
enliserait,1,0,1
ennemi,4,4,0
ennemis,1,1,0
ennui,4,3,1
ennuie,1,1,0
énonçait,1,0,1
énonçant,8,3,5
enoncé,1,0,1
énonce,46,5,41
énoncé,46,1,45
énoncée,3,0,3
énoncées,1,0,1
énoncent,5,0,5
énoncer,13,2,11
énoncés,4,0,4
énonciation,3,0,3
énorme,3,0,3
énormité,1,0,1
enquête,3,3,0
enracine,2,2,0
enraciné,1,1,0
enracinée,1,1,0
enracinement,7,7,0
enregistre,1,0,1
enregistrement,1,1,0
enregistrer,1,1,0
enrichir,1,1,0
enrichissant,1,0,1
enrobée,1,1,0
enroulant,1,0,1
enroule,2,1,1
enroulement,3,2,1
enseignant,8,8,0
enseignante,1,1,0
enseigne,12,11,1
enseigné,8,7,1
enseignée,2,2,0
enseignement,44,43,1
enseignements,1,0,1
enseigner,5,5,0
ensemble,45,14,31
enserre,2,1,1
enserré,1,1,0
enserrent,1,1,0
enseveli,1,1,0
ensorcelé,3,3,0
ensorcelée,1,1,0
ensorcellement,1,1,0
ensuite,14,6,8
entame,1,0,1
entend,35,3,32
entendait,2,1,1
entendant,4,1,3
entende,1,0,1
entendement,23,6,17
entendre,39,6,33
entends,3,0,3
entendu,12,4,8
entendue,15,2,13
entendues,4,1,3
entendus,3,3,0
entente,6,1,5
enthousiasme,2,2,0
entier,6,3,3
entière,12,8,4
entièrement,31,27,4
entières,1,1,0
entis,1,1,0
entité,9,6,3
entités,5,0,5
entorse,1,0,1
entoure,1,1,0
entourer,1,0,1
entourerait,1,1,0
entra,1,0,1
entrailles,4,1,3
entraînant,1,1,0
entraîne,1,0,1
entraîner,1,0,1
entrait,4,1,3
entrant,8,1,7
entrave,1,1,0
entraves,1,1,0
entre,353,183,170
entré,4,3,1
entrecroisement,1,0,1
entrée,39,16,23
entremise,6,6,0
entrent,6,1,5
entreprenant,1,1,0
entreprend,1,1,0
entreprendre,1,0,1
entrepris,1,1,0
entreprise,5,2,3
entrer,32,11,21
entrerait,4,1,3
entretenir,4,3,1
entretenu,1,1,0
entretenue,2,1,1
entretien,1,1,0
entretiendraient,1,1,0
entretiennent,1,1,0
entretiens,2,2,0
entretient,8,7,1
entrevoir,6,3,3
entrevoit,3,3,0
entrevoyons,1,1,0
entrevu,2,2,0
entrons,1,1,0
entrouvert,1,0,1
entrouvre,1,1,0
énumérer,1,0,1
envahi,2,2,0
envahissant,1,0,1
envahissement,3,3,0
envahit,2,2,0
enveloppant,1,0,1
enveloppe,7,6,1
enveloppé,3,2,1
enveloppées,1,1,0
envelopper,1,1,0
enveloppes,2,2,0
envergure,1,0,1
enverrait,1,0,1
envers,49,21,28
envi,1,0,1
envisagée,1,1,0
envisageons,1,1,0
envisager,1,1,0
envol,2,2,0
eon,5,0,5
éon,9,0,9
épaisseur,11,8,3
épaisseurs,1,1,0
épaissir,1,0,1
épaissit,1,0,1
épanchant,1,0,1
épanchement,7,0,7
épanoui,1,1,0
épanouir,1,1,0
épanouissant,1,1,0
épanouissement,4,3,1
épanouit,1,0,1
épargne,1,1,0
éparpillant,1,0,1
éparpille,1,0,1
épaule,1,1,0
épaules,1,0,1
épaves,3,0,3
épée,3,3,0
épèle,1,0,1
éphémère,1,1,0
épi,1,0,1
épicurienne,1,1,0
épicuriennes,1,0,1
épicuriens,2,2,0
épigraphe,1,0,1
epiphanie,1,1,0
épiphanie,37,32,5
épiphénoménal,1,0,1
épiphénoménalité,1,0,1
épiphénomène,3,3,0
épique,1,0,1
épithète,1,0,1
epoche,1,1,0
époché,1,0,1
épopée,1,1,0
époque,8,1,7
époques,1,0,1
epos,1,0,1
épos,9,0,9
épousant,3,0,3
épouse,1,0,1
épousée,1,0,1
épousent,1,0,1
épreuve,5,4,1
épreuves,1,1,0
éprouvant,1,0,1
éprouve,6,6,0
éprouvée,1,0,1
éprouvés,1,0,1
épuisait,2,1,1
épuisant,4,0,4
épuise,39,14,25
épuisent,1,0,1
épuiser,3,2,1
épure,1,1,0
épuré,2,1,1
épurée,1,1,0
épyov,1,1,0
équilibrant,1,0,1
équilibre,9,1,8
équilibré,1,0,1
équilibrer,1,0,1
équité,7,0,7
équivalait,2,1,1
équivalence,5,0,5
équivalent,2,2,0
équivalentes,1,1,0
équivalents,1,0,1
équivaloir,1,0,1
équivaudrait,6,5,1
équivaut,40,32,8
équivocation,1,0,1
equivoque,1,0,1
équivoque,48,32,16
équivoques,4,4,0
érable,1,0,1
ereignis,1,0,1
ères,1,0,1
erfÃ¼llung,3,0,3
érige,1,1,0
ériger,2,1,1
érigera,1,1,0
érigés,1,0,1
erleben,1,0,1
erlebnis,3,0,3
erlÃ¶sung,1,1,0
eros,13,13,0
éros,6,6,0
"eros	ce",1,1,0
érosion,5,1,4
érotique,27,23,4
érotisme,4,1,3
errance,4,3,1
errante,3,0,3
erreur,7,6,1
erreurs,1,1,0
erstarren,1,0,1
escamote,1,1,0
escapade,1,0,1
eschatologie,18,15,3
eschatologique,5,5,0
eschatologiques,2,1,1
esclavage,7,3,4
esclave,11,4,7
escompte,1,0,1
escompter,3,2,1
espace,80,35,45
espaces,7,2,5
espèce,28,19,9
espèces,42,13,29
espérantiste,1,1,0
espère,1,1,0
espérés,1,0,1
espoir,6,2,4
espoirs,1,1,0
esprit,52,16,36
esprits,1,1,0
esquisser,1,1,0
esquisserait,1,1,0
essai,1,0,1
essaie,9,2,7
essaient,1,1,0
essaiera,1,0,1
essaierons,1,1,0
essaye,1,0,1
essayé,4,1,3
essayent,1,0,1
essayera,1,0,1
essayons,2,2,0
esse,27,3,24
essence,628,98,530
"essence	se",1,0,1
essenceÂ·,1,0,1
essences,1,1,0
essendi,5,0,5
essentiel,26,19,7
essentielle,40,29,11
essentiellement,34,34,0
essentielles,1,1,0
essentiels,2,1,1
esset,1,1,0
essoufflé,3,0,3
essoufflement,7,0,7
est,4408,2157,2251
estate,1,1,0
esthétique,7,4,3
estime,1,0,1
estimée,1,1,0
estimer,1,1,0
estimerait,1,0,1
établie,1,1,0
établir,8,3,5
établirait,1,0,1
établis,1,1,0
établisse,3,0,3
établissement,1,1,0
établissent,1,1,0
établit,12,11,1
étaient,14,7,7
étais,3,2,1
était,80,31,49
étalages,1,0,1
étalant,1,0,1
étale,5,1,4
étalée,1,1,0
étalement,5,0,5
étalent,4,4,0
étaler,3,2,1
étalon,1,1,0
étanche,1,1,0
étanchement,2,1,1
étant,253,115,138
êtant,1,0,1
étants,62,6,56
etape,1,1,0
étape,1,1,0
étapes,1,1,0
etat,46,27,19
état,39,10,29
etats,2,1,1
états,6,3,3
étau,1,1,0
etc,8,5,3
été,81,25,56
éteigne,1,0,1
éteignoir,1,0,1
éteindrait,2,1,1
éteindre,3,2,1
éteint,5,5,0
étend,7,7,0
étendant,1,0,1
étende,1,0,1
étendue,15,12,3
eternel,3,2,1
éternel,15,8,7
éternelle,13,8,5
éternellement,1,1,0
éternelles,2,2,0
éterniser,1,0,1
éternité,29,24,5
éther,3,3,0
éthéré,1,1,0
ethique,4,1,3
éthique,86,57,29
éthiquement,4,1,3
éthiques,6,2,4
etiam,1,1,0
étincelle,1,1,0
étioler,1,0,1
étions,2,2,0
étirant,3,0,3
étirement,7,0,7
étoile,1,1,0
étoilé,1,1,0
étonnant,8,1,7
étonnante,6,2,4
étonne,4,1,3
etonnée,1,0,1
étonnement,3,2,1
étonner,5,2,3
étouffant,2,1,1
étouffe,5,2,3
étouffement,1,1,0
étouffer,1,1,0
étrange,13,5,8
etranger,10,9,1
étranger,45,36,9
étrangère,25,22,3
étrangères,3,3,0
étrangers,3,3,0
étranges,1,0,1
étrangeté,13,10,3
étrangle,1,0,1
etre,70,38,32
être,2341,1110,1231
"être	cela",1,0,1
"être	et",1,0,1
"être	ici",1,0,1
"être	lequel",1,0,1
êtreÂ·,1,0,1
étreinte,2,1,1
êtres,107,76,31
étroit,1,0,1
étroite,1,0,1
étroitement,2,1,1
étroitesse,1,1,0
étude,8,1,7
étudierons,1,1,0
étymologies,1,0,1
étymologique,5,4,1
euclidienne,1,0,1
eupalinos,1,0,1
européenne,3,2,1
eussent,1,0,1
eut,6,1,5
eût,1,1,0
eux,42,22,20
évacuation,1,0,1
évadant,1,0,1
évade,3,2,1
évadé,1,0,1
évaluable,1,1,0
évanescence,4,4,0
évanescente,1,0,1
évanouir,2,1,1
évanouirait,4,4,0
évanouissement,3,3,0
évanouit,10,9,1
évasion,10,2,8
éveil,1,0,1
éveille,1,0,1
éveiller,2,1,1
événement,96,56,40
événements,37,21,16
éventualité,6,5,1
éventualités,3,0,3
eventuel,1,0,1
éventuellement,6,5,1
évertue,8,8,0
évertuerait,1,1,0
évidemment,4,1,3
évidence,36,29,7
évidences,7,6,1
évident,4,3,1
évidente,1,0,1
évite,1,0,1
éviter,7,4,3
évocateurs,1,0,1
évocation,4,0,4
évoluant,1,1,0
évolue,1,1,0
évolué,1,1,0
évolution,3,3,0
évoquable,1,0,1
évoquait,1,1,0
évoque,5,4,1
évoqué,1,0,1
évoquée,1,0,1
évoquées,1,0,1
évoquent,1,0,1
évoquer,4,3,1
évoqués,1,0,1
exact,2,1,1
exacte,1,0,1
exactement,33,14,19
exactes,1,0,1
exactitude,4,0,4
exaltait,1,1,0
exaltation,8,7,1
exalte,6,5,1
exaltée,1,1,0
exaltent,1,1,0
exalter,1,1,0
examen,1,0,1
examine,1,1,0
exaspération,1,1,0
excédant,1,0,1
excède,3,0,3
excédée,1,0,1
excéderait,1,0,1
excellence,62,41,21
excentricité,1,1,0
excepte,1,0,1
excepter,1,0,1
exception,31,0,31
exceptionnel,8,4,4
exceptionnelle,13,8,5
exceptionnellement,3,0,3
exceptionnelles,1,0,1
exceptionnels,1,0,1
excessif,5,1,4
excession,1,0,1
excidence,1,0,1
excite,1,0,1
exclame,1,1,0
exclu,12,0,12
excluait,1,1,0
excluant,12,3,9
exclue,1,1,0
excluent,2,1,1
exclueraient,1,0,1
exclure,5,1,4
exclusif,1,0,1
exclusion,6,3,3
exclusive,9,2,7
exclusivement,1,0,1
exclut,22,9,13
excroissance,1,0,1
excuse,2,1,1
excuses,1,0,1
exécution,1,1,0
exégèse,8,1,7
exemplaire,3,2,1
exemplaires,1,0,1
exemple,12,8,4
exempt,3,0,3
exempte,1,0,1
exemption,1,0,1
exerçant,4,4,0
exerce,30,21,9
exercé,3,0,3
exercée,8,3,5
exercent,4,1,3
exercer,8,4,4
exercerait,1,1,0
exercice,32,27,5
exhaussé,1,1,0
exhaustive,1,1,0
exhibe,3,2,1
exhibée,2,1,1
exhibent,1,1,0
exhiber,1,0,1
exhibition,14,2,12
exhibitionnisme,2,2,0
exhibitionniste,1,1,0
exhortation,1,1,0
exige,22,11,11
exigeant,1,1,0
exigeante,3,0,3
exigée,4,1,3
exigence,26,11,15
exigences,7,6,1
exiger,5,2,3
exigerait,1,0,1
exil,16,5,11
exile,1,0,1
exilé,1,0,1
exiler,3,0,3
existait,2,2,0
existant,14,14,0
existants,2,2,0
existe,44,41,3
existence,173,148,25
existences,1,1,0
existendi,1,0,1
existent,4,4,0
existential,2,1,1
existentialiste,1,0,1
existentiel,4,1,3
exister,46,46,0
exonérée,1,0,1
exorbitant,1,1,0
exorbitante,3,3,0
exotique,1,0,1
expendere,1,1,0
expérience,114,71,43
expériences,6,1,5
expérimentale,1,0,1
expérimentales,1,1,0
expérimenté,2,2,0
experimur,1,1,0
expiant,1,0,1
expiation,31,0,31
expie,1,0,1
expier,4,0,4
expirant,1,0,1
expiration,7,0,7
expire,1,0,1
explication,4,4,0
explicitation,1,1,0
explicite,6,3,3
explicitent,1,1,0
expliciter,3,2,1
expliciterait,1,1,0
explique,7,6,1
expliquent,2,1,1
expliquer,5,2,3
expliquerait,2,1,1
exploitation,5,5,0
exploité,4,0,4
explorer,1,0,1
explorés,1,0,1
explosions,1,0,1
exposait,1,0,1
exposant,17,2,15
expose,51,14,37
exposé,27,8,19
exposée,12,4,8
exposées,2,1,1
exposent,1,1,0
exposer,24,3,21
exposerait,1,0,1
exposition,145,3,142
expression,114,87,27
expressions,3,0,3
expressivité,1,0,1
exprimait,4,1,3
exprimant,10,2,8
exprime,50,37,13
exprimé,3,3,0
exprimée,2,1,1
exprimées,1,0,1
expriment,5,2,3
exprimer,29,18,11
exprimerait,2,1,1
exprimés,1,0,1
exprimons,1,1,0
expulsant,1,0,1
expulse,2,1,1
expulsé,8,0,8
expulsée,1,0,1
expulser,1,0,1
expulsion,9,0,9
extase,7,4,3
extasier,1,0,1
extatique,6,5,1
extatiquement,1,1,0
extatiques,1,0,1
extension,10,5,5
extérieur,58,49,9
extérieure,13,9,4
extérieurement,1,1,0
extérieures,3,2,1
extérieurs,1,1,0
extériorise,2,2,0
extériorité,166,147,19
extermination,1,1,0
extirpé,2,1,1
extirpée,1,0,1
extra,7,6,1
extradition,7,0,7
extraire,1,1,0
extranéité,1,1,0
extraordinaire,25,1,24
extraordinaires,1,1,0
extrapolation,3,0,3
extrapolations,1,1,0
extrapoler,1,1,0
extratemporelle,1,0,1
extraterritorialité,1,1,0
extravagance,4,0,4
extravagantes,1,0,1
extravagants,1,1,0
extrême,44,9,35
extrêmes,4,0,4
extrémité,1,1,0
extrémités,2,1,1
exulte,1,0,1
fable,13,0,13
fables,1,0,1
fabrication,1,1,0
fabriquant,1,1,0
fabrique,1,1,0
fabriqué,1,1,0
fabriquée,1,1,0
fabriquées,1,1,0
fabriquer,1,1,0
fabriqués,1,1,0
façade,5,5,0
face,146,129,17
facilement,1,0,1
faciles,1,0,1
facilités,1,0,1
façon,213,115,98
façonner,1,0,1
façonnerait,1,1,0
façons,6,1,5
factice,3,0,3
facticité,6,3,3
facto,5,4,1
facture,1,0,1
facultés,1,1,0
faible,1,0,1
faiblesse,17,9,8
faille,7,4,3
faillibilité,1,1,0
faillir,3,0,3
faillite,8,0,8
faim,50,26,24
faims,1,1,0
faire,113,39,74
fais,4,3,1
faisait,3,2,1
faisant,39,8,31
faisons,3,3,0
fait,423,212,211
faite,18,6,12
faites,1,1,0
faits,3,3,0
fallacieuse,2,1,1
fallait,6,2,4
fallu,2,2,0
fameuse,6,5,1
fameux,1,1,0
familiarité,12,8,4
familier,4,4,0
familière,2,2,0
familiers,1,1,0
famille,5,5,0
familles,1,1,0
fantaisie,1,1,0
fantasmes,3,0,3
fantomatique,1,1,0
fantômes,1,0,1
fasse,11,3,8
fatal,1,1,0
fatalement,2,2,0
fatalité,4,3,1
fatigue,5,0,5
fatum,2,2,0
faudra,14,3,11
faudrait,4,3,1
faune,1,1,0
fausse,4,3,1
faussé,1,0,1
faussée,1,0,1
faust,4,1,3
faut,203,102,101
faute,22,7,15
fautes,8,0,8
fauteuil,1,1,0
fautif,1,0,1
fauve,1,1,0
faux,11,4,7
faveur,1,0,1
fécond,1,1,0
féconde,1,1,0
fécondité,57,57,0
felicitatem,1,1,0
féline,1,1,0
felix,2,2,0
féminin,23,23,0
féminine,6,6,0
féminité,7,7,0
femme,6,6,0
fendre,1,0,1
fenêtre,3,3,0
fenêtres,3,2,1
fer,2,1,1
fera,9,2,7
feraient,1,1,0
ferait,10,3,7
ferme,8,5,3
fermé,3,2,1
fermée,5,5,0
fermer,5,2,3
fermeté,1,0,1
fermeture,6,2,4
feront,1,0,1
ferre,1,1,0
feu,4,4,0
feuerbach,1,1,0
feuilles,1,1,0
"fiance	était",1,0,1
fiat,1,0,1
ficelle,3,0,3
ficelles,1,1,0
fichte,3,0,3
fichtéen,3,0,3
fichtéenne,1,0,1
fiction,3,0,3
fide,1,1,0
fidèle,8,1,7
fidélité,9,8,1
fige,5,2,3
figé,1,1,0
figeant,4,1,3
figée,1,1,0
figent,1,0,1
figer,1,1,0
figera,1,0,1
figurant,2,1,1
figuration,1,0,1
figure,24,7,17
figurent,1,1,0
figurer,4,3,1
figurerait,1,0,1
figures,5,0,5
fil,14,2,12
file,4,0,4
filets,5,4,1
filial,1,1,0
filialité,5,5,0
film,1,1,0
fils,35,35,0
filtre,1,1,0
fin,136,91,45
final,2,1,1
finale,5,5,0
finalement,2,2,0
finalisme,1,1,0
finaliste,1,1,0
finalité,47,30,17
finalités,2,2,0
fine,1,0,1
fini,39,28,11
finie,30,15,15
finir,1,1,0
finirait,1,0,1
finissante,1,0,1
finit,8,5,3
finita,1,1,0
finiti,1,1,0
finition,5,2,3
finitude,49,24,25
fink,1,0,1
fins,7,6,1
firmament,1,1,0
fissibilité,1,0,1
fission,15,0,15
fissure,5,2,3
fixant,5,1,4
fixe,20,13,7
fixé,7,4,3
fixée,3,3,0
fixées,1,0,1
fixent,2,1,1
fixer,7,4,3
fixerait,1,1,0
fixité,5,2,3
flair,1,0,1
flanc,1,1,0
flatter,1,1,0
flatterie,2,2,0
flattés,1,1,0
fleur,4,0,4
fleurissent,1,1,0
fleurit,1,1,0
fleuve,2,2,0
flexion,1,0,1
flottant,1,1,0
flotte,1,1,0
flotter,3,0,3
fluence,16,0,16
flux,2,1,1
fluxion,1,0,1
foi,13,5,8
fois,123,84,39
folie,17,6,11
folle,2,1,1
follement,1,1,0
foncière,5,5,0
foncièrement,10,10,0
fonction,74,38,36
fonctionnalisme,1,0,1
fonctionnant,2,1,1
fonctionne,5,1,4
fonctionnement,4,3,1
fonctionnent,1,1,0
fonctions,3,2,1
fond,55,22,33
fondamental,8,5,3
fondamentale,17,6,11
fondamentales,4,3,1
fondant,4,4,0
fondateur,1,0,1
fondation,3,2,1
fondations,1,1,0
fondatrice,3,0,3
fonde,22,15,7
fondé,4,0,4
fondée,5,4,1
fondées,1,1,0
fondement,23,11,12
fondements,5,2,3
fondent,6,3,3
fonder,9,6,3
fondre,1,1,0
font,22,5,17
force,41,33,8
forcé,1,1,0
forcée,1,1,0
forcent,1,1,0
forces,21,16,5
forêt,2,2,0
forge,2,2,0
formait,1,1,0
formalisme,6,5,1
formaliste,1,0,1
formant,2,2,0
format,5,4,1
formation,2,1,1
forme,125,64,61
formé,1,0,1
formées,1,1,0
formel,11,6,5
formelle,55,40,15
formellement,4,4,0
formelles,3,3,0
formels,1,1,0
forment,10,7,3
former,3,2,1
formeraient,1,0,1
formerait,3,2,1
formes,41,20,21
formés,1,0,1
formons,1,0,1
formulait,1,0,1
formulant,1,0,1
formulation,4,1,3
formule,23,8,15
formuler,2,1,1
formules,8,0,8
fort,11,7,4
forte,7,3,4
fortes,1,1,0
fortune,4,1,3
fouillant,1,0,1
fouille,1,1,0
foulant,1,0,1
foule,1,1,0
foulés,1,1,0
fourchette,1,1,0
fourmillant,1,0,1
fourmillement,1,0,1
fourni,1,1,0
fourniraient,1,1,0
fournirait,1,1,0
fournis,1,1,0
fournisse,1,1,0
fournissent,1,0,1
fournit,7,7,0
fourrés,1,0,1
foyer,1,1,0
fractionne,2,1,1
fragilité,6,6,0
fragment,1,1,0
fragmentation,1,1,0
fragmentée,1,1,0
fragments,5,2,3
fraîcheur,3,0,3
fraie,2,2,0
fraient,1,1,0
frais,1,1,0
franche,1,1,0
franchie,1,1,0
franchir,4,3,1
franchira,1,1,0
franchirait,1,1,0
franchise,15,12,3
franchissable,1,1,0
franchit,2,2,0
franz,1,1,0
frappant,1,0,1
frappe,11,3,8
frappé,4,1,3
frappée,2,1,1
frappées,1,1,0
frapper,8,4,4
fraternelle,1,1,0
fraternité,35,10,25
fraye,1,0,1
frayé,1,1,0
frein,1,1,0
frémissement,5,0,5
frémit,1,0,1
frère,10,3,7
frères,6,3,3
freud,3,3,0
frisson,2,2,0
frissonne,3,3,0
frissonner,1,0,1
frivole,1,0,1
frivolité,3,0,3
froid,7,4,3
froide,4,4,0
froideur,1,0,1
frôlent,1,0,1
front,5,2,3
frontière,9,6,3
frontières,1,1,0
frueri,1,0,1
fruit,4,4,0
fruitio,1,0,1
frustration,3,0,3
fugitif,1,0,1
fuient,1,0,1
fuir,3,2,1
fuit,1,1,0
fuite,8,5,3
fulgurance,1,1,0
fulgurant,3,0,3
fulguration,1,0,1
fume,1,1,0
fumée,3,2,1
fundamento,1,0,1
fur,12,4,8
fuse,1,1,0
fusion,3,2,1
fusionnant,1,1,0
fusionnent,1,1,0
fussent,4,3,1
fut,22,17,5
fût,59,35,24
futur,15,15,0
future,7,6,1
futurition,1,1,0
futurs,1,1,0
fuyant,2,1,1
fuyante,1,0,1
gabriel,1,1,0
gâche,2,2,0
gagne,2,2,0
gagner,4,4,0
gale,1,1,0
galériens,1,0,1
gamme,1,0,1
gammes,1,0,1
garanti,1,0,1
garantie,1,0,1
garantir,1,1,0
garantissant,1,1,0
garantit,5,5,0
gardant,3,0,3
garde,13,6,7
gardé,2,1,1
gardent,2,2,0
garder,6,2,4
gardien,6,1,5
gâtant,1,0,1
gâtent,1,1,0
gauche,2,2,0
gazeux,1,1,0
gazon,1,1,0
gehÃ¶rt,1,0,1
gelÃ¤ut,1,0,1
geler,1,0,1
gémissement,1,0,1
gêne,4,3,1
général,22,14,8
générale,11,8,3
généralement,1,1,0
généralisation,18,9,9
généralité,13,8,5
généralités,2,1,1
génération,4,1,3
générations,2,2,0
génératrice,1,1,0
généreuse,1,1,0
généreux,2,2,0
generis,3,2,1
générosité,12,7,5
genesim,1,1,0
genesis,1,0,1
géniale,1,0,1
génialité,2,2,0
génie,12,9,3
genre,59,28,31
genres,1,0,1
gens,1,1,0
genus,1,1,0
géométrie,5,2,3
géométrique,7,2,5
géométriques,1,1,0
germe,4,1,3
germer,1,0,1
germerait,1,0,1
germinal,1,0,1
germination,1,0,1
geschehen,1,1,0
gestation,3,0,3
geste,15,7,8
gestes,8,8,0
gestuelle,1,1,0
gewohnt,1,0,1
geworfen,1,1,0
geworfenheit,4,4,0
gibier,4,1,3
giron,1,0,1
gisant,2,1,1
gisent,1,1,0
gît,7,3,4
glace,1,1,0
glaçons,1,1,0
glaucon,1,1,0
glissa,1,0,1
glissant,2,1,1
glisse,2,2,0
glissé,1,0,1
glissement,2,1,1
glisser,1,0,1
glisserait,1,0,1
global,1,1,0
globale,1,0,1
globaux,1,1,0
gloire,58,2,56
glorieuse,3,2,1
glorieusement,5,0,5
glorieux,3,2,1
glorification,5,0,5
glorifie,9,0,9
glorifier,3,0,3
gnose,2,2,0
gnoséologique,8,1,7
goethe,2,1,1
gonflant,1,0,1
gonflée,1,0,1
gordien,1,0,1
gouffre,2,1,1
goût,4,1,3
goûté,1,1,0
goûter,1,1,0
goûts,1,1,0
gouttes,1,0,1
grâce,42,22,20
gracieuse,1,1,0
gracieux,2,2,0
grain,4,0,4
grains,1,1,0
grammaire,1,0,1
grammaires,1,0,1
grammairiens,1,0,1
grammaticale,1,0,1
grammaticales,3,0,3
grand,6,5,1
grande,19,15,4
grandeur,4,1,3
grands,4,1,3
granit,1,0,1
graphique,1,0,1
graphologues,1,1,0
gratitude,9,0,9
gratter,1,1,0
gratuit,3,0,3
gratuite,3,2,1
gratuité,12,1,11
gratuitement,2,2,0
gratuites,1,0,1
grave,8,1,7
gravitant,3,0,3
gravitation,5,4,1
gravite,1,1,0
gravité,22,2,20
gré,5,0,5
grec,1,1,0
grecque,2,2,0
greffant,1,0,1
greffer,1,0,1
grille,1,1,0
grincement,1,0,1
gros,1,1,0
grossier,1,1,0
grouillement,3,2,1
grouillerait,1,0,1
groupe,1,1,0
groupement,1,0,1
groupes,1,1,0
guérir,1,0,1
guérit,1,1,0
guerre,81,56,25
guerres,3,3,0
guerrier,1,1,0
guette,2,1,1
guidant,1,1,0
guide,5,2,3
guidée,5,4,1
guidées,1,1,0
guident,1,1,0
guider,3,2,1
guise,51,1,50
gustatif,3,0,3
gustative,8,0,8
gustatives,1,1,0
gygès,12,9,3
habileté,1,1,0
habitant,14,6,8
habitants,1,0,1
habitation,30,25,5
habite,8,8,0
habité,3,3,0
habitée,1,1,0
habiter,1,1,0
habitons,2,2,0
habitua,1,0,1
habitude,1,1,0
habitudes,1,1,0
habituel,2,2,0
habituelle,1,1,0
habituellement,1,0,1
habitués,2,1,1
hac,2,2,0
hachant,1,1,0
haches,1,1,0
hagiographique,3,0,3
haï,1,1,0
haine,8,7,1
haineux,2,2,0
haïssable,1,1,0
halètement,3,0,3
halévi,1,0,1
hapax,1,0,1
harcèle,1,1,0
hargneuse,1,0,1
harmonie,5,1,4
harmonieuse,1,0,1
harnais,1,0,1
hasard,9,6,3
hasards,1,0,1
hâtant,1,1,0
hâte,1,0,1
hâtent,1,1,0
hâter,1,0,1
hâtive,1,0,1
haut,24,19,5
haute,5,1,4
hautes,1,0,1
hauteur,36,31,5
hauteurs,4,1,3
havre,3,0,3
hécube,1,0,1
hédonistes,1,1,0
hegel,31,14,17
hégélianisme,1,0,1
hégélien,3,3,0
hégélienne,7,4,3
hégéliens,2,2,0
hégémonie,2,1,1
heidegger,39,26,13
heideggérien,8,5,3
heideggérienne,11,11,0
heideggériennes,1,1,0
heil,1,0,1
hémophile,1,0,1
hémorragie,4,0,4
héraclite,3,3,0
héritage,5,5,0
hermann,1,1,0
héroïque,7,7,0
héroïques,1,1,0
héroïsme,1,1,0
héros,1,1,0
hésitant,2,1,1
hésitation,3,0,3
hésite,1,0,1
hétéro,1,0,1
hétérogène,3,3,0
hétérogénéité,5,5,0
hétéronome,1,0,1
hétéronomes,1,1,0
hétéronomie,6,2,4
heure,20,8,12
heures,2,1,1
heureuse,6,6,0
heureux,10,10,0
heurt,7,3,4
heurtait,1,1,0
heurtant,1,1,0
heurte,11,7,4
heurté,1,1,0
heurtée,2,2,0
heurtent,1,1,0
heurter,4,4,0
heurterait,1,1,0
hiatus,1,0,1
hic,3,3,0
hier,1,0,1
hiérarchie,7,4,3
hiéroglyphes,1,0,1
hinzutun,1,0,1
hippias,1,0,1
hisse,1,1,0
histoire,178,120,58
histoires,1,1,0
historicité,5,0,5
historien,4,3,1
historiens,1,1,0
historiographe,2,2,0
historiographes,3,2,1
historiographie,14,2,12
historique,27,20,7
historiquement,6,3,3
historiques,3,2,1
hoc,2,2,0
hommage,1,1,0
homme,161,84,77
hommes,52,31,21
homogène,2,1,1
homogénéité,5,1,4
homonyme,1,1,0
hon,1,1,0
honnêteté,1,0,1
honneur,4,3,1
honneurs,2,1,1
honte,21,17,4
honteux,1,1,0
hÃ¶ren,1,0,1
horizon,38,26,12
horizons,16,11,5
horloge,2,1,1
horloges,1,0,1
horreur,8,4,4
horrible,1,0,1
horribles,1,0,1
horrifiant,1,0,1
hors,87,18,69
hospitalier,1,1,0
hospitalière,1,1,0
hospitalité,10,9,1
hostile,11,11,0
hostiles,3,3,0
hostilité,1,1,0
hôte,2,1,1
hui,8,4,4
huius,1,1,0
humain,58,31,27
humaine,60,33,27
humainement,1,0,1
humaines,16,3,13
humains,3,3,0
humanisme,1,0,1
humaniste,3,0,3
humanité,39,12,27
humble,1,0,1
humiliant,1,1,0
humiliation,1,1,0
humilier,2,2,0
humilité,5,2,3
husserl,55,15,40
husserlien,5,2,3
husserlienne,16,7,9
hybris,1,1,0
hylé,1,0,1
hyperbole,7,0,7
hypertrophie,1,0,1
hypocrisie,4,1,3
hypocrite,2,1,1
hypocritement,1,0,1
hypostase,16,0,16
hypostasie,3,0,3
hypostasier,1,0,1
hypothèse,4,0,4
ich,5,0,5
ici,128,55,73
idea,1,1,0
idéal,21,16,5
idéale,9,2,7
idéales,4,3,1
idéalisant,1,0,1
idéalisation,2,1,1
idéalisé,1,0,1
idéalisme,29,17,12
idéalismes,1,0,1
idéaliste,13,9,4
idéalistes,1,0,1
idéalité,19,4,15
idéalités,1,0,1
ideatum,6,6,0
idéatum,2,2,0
idée,254,215,39
idées,34,25,9
identifiable,5,2,3
identifiait,1,1,0
identifiant,19,6,13
identification,67,27,40
identificatrice,1,0,1
identifie,15,6,9
identifié,11,2,9
identifiée,4,0,4
identifiées,1,0,1
identifient,1,0,1
identifier,24,8,16
identifiera,1,0,1
identifions,3,0,3
identique,39,11,28
identiquement,2,2,0
identiques,11,2,9
identité,254,73,181
identités,11,0,11
idéologie,15,0,15
idolâtré,1,1,0
idolâtrie,2,2,0
idole,3,0,3
idoles,2,1,1
ignorance,20,11,9
ignorant,7,4,3
ignore,5,4,1
ignoré,1,1,0
ignorent,2,1,1
ignorer,3,3,0
ignorerait,1,1,0
iii,4,1,3
île,2,1,1
ille,1,0,1
illéité,25,0,25
illimité,6,3,3
illimitée,5,0,5
illuminant,1,1,0
illumine,2,1,1
illuminerait,1,1,0
illusion,25,16,9
illusions,4,3,1
illusoire,10,10,0
illusoires,1,1,0
illustration,1,0,1
illustre,1,0,1
îlot,2,2,0
ils,139,54,85
image,75,30,45
images,32,5,27
imaginaire,3,2,1
imaginaires,1,1,0
imaginant,1,1,0
imagination,10,2,8
imaginer,1,1,0
imite,5,4,1
immanence,32,9,23
immanent,4,0,4
immanente,4,3,1
immanentes,2,2,0
immanquablement,3,2,1
immédiat,25,10,15
immédiate,18,7,11
immédiatement,11,4,7
immédiates,2,1,1
immédiateté,37,0,37
immédiats,1,1,0
immémorable,1,0,1
immémorial,16,0,16
immémoriale,1,0,1
immense,1,1,0
immensi,1,1,0
immensité,3,2,1
immergé,1,1,0
immersion,3,3,0
imminence,14,9,5
imminent,1,1,0
imminente,1,1,0
immobile,5,1,4
immobilise,4,0,4
immobilisés,3,3,0
immobilité,3,0,3
immole,1,0,1
immolé,1,0,1
immoralité,2,2,0
immorari,1,1,0
immortalité,6,2,4
immortel,1,1,0
immortelle,1,1,0
immortels,1,1,0
immuable,1,1,0
immunisée,1,1,0
immunité,2,2,0
impact,2,1,1
imparfait,3,2,1
imparfaite,1,1,0
impartialité,1,0,1
impassibilité,9,5,4
impassible,7,7,0
impatience,3,2,1
impatient,1,0,1
impatiente,1,1,0
"impayable	sous",1,0,1
impénétrabilité,1,0,1
impensable,2,1,1
impératif,5,1,4
impératifs,1,1,0
impérative,1,0,1
imperfection,2,2,0
imperfections,1,1,0
impérialisme,11,3,8
impérialiste,6,2,4
impérieuse,1,0,1
impérieusement,1,0,1
impérissable,1,1,0
impersonnalité,1,1,0
impersonnel,23,18,5
impersonnelle,24,23,1
impersonnellement,3,3,0
impersonnelles,2,2,0
impersonnels,2,2,0
imperturbable,3,0,3
impétuosité,1,1,0
impiété,1,1,0
implacable,1,1,0
implacablement,2,1,1
implantation,3,3,0
implante,1,1,0
implanté,1,1,0
implantée,2,2,0
implication,12,0,12
implications,9,4,5
implicite,6,2,4
implicitement,3,2,1
implicites,1,0,1
impliquant,5,1,4
implique,29,20,9
impliqué,4,0,4
impliquée,6,2,4
impliquent,1,0,1
impliquerait,4,1,3
impliqués,1,0,1
importait,1,0,1
importance,6,1,5
important,1,0,1
importantes,1,0,1
importe,19,10,9
importuns,1,1,0
imposa,1,1,0
imposant,5,2,3
impose,35,22,13
imposé,5,1,4
imposée,8,4,4
imposées,1,1,0
imposent,2,2,0
imposer,5,5,0
imposerait,5,2,3
imposeront,1,1,0
impossibilité,83,35,48
impossible,38,19,19
impossibles,1,1,0
imprescriptibles,1,1,0
impression,21,0,21
impressionnisme,1,0,1
imprévisibilité,1,1,0
imprévisible,12,11,1
imprévisibles,1,1,0
imprévu,2,1,1
imprévue,1,1,0
imprimant,1,0,1
imprime,5,1,4
imprononçable,1,0,1
imprudemment,2,1,1
imprudence,2,1,1
imprudences,1,0,1
imprudente,3,0,3
imprudentes,1,0,1
impudeur,7,6,1
impudique,1,1,0
impudiquement,1,1,0
impuissance,9,5,4
impuissant,1,1,0
impuissante,2,2,0
impunément,2,1,1
impunie,1,1,0
impunis,1,1,0
impunité,2,1,1
inachevé,2,2,0
inachevée,2,1,1
inachèvement,2,1,1
inadéquat,3,3,0
inadéquate,4,3,1
inadéquation,8,5,3
inadmissible,2,1,1
inajournable,1,1,0
inaliénable,5,4,1
inaltérable,2,2,0
inaltéré,1,1,0
inanité,1,1,0
inanticipable,1,1,0
inaperçu,1,1,0
inapprochés,1,0,1
inassemblable,4,0,4
inassouvissable,3,3,0
inassumable,7,0,7
inattaquable,1,0,1
inattention,1,0,1
inaugure,2,2,0
inavouable,3,2,1
inavouée,1,1,0
incantation,1,1,0
incapable,21,9,12
incapacité,2,1,1
incarnat,1,1,0
incarnation,31,8,23
incarne,3,3,0
incarné,6,1,5
incarnée,9,4,5
incertain,4,3,1
incertitude,15,6,9
incertitudes,1,1,0
incessamment,7,6,1
incessance,1,1,0
incessant,23,12,11
incessante,11,3,8
incessants,1,1,0
incessible,1,0,1
inceste,1,1,0
inchoatif,1,0,1
incicatrisable,1,0,1
incidemment,1,1,0
incident,1,1,0
incidents,2,2,0
incite,3,2,1
inclinant,1,0,1
incline,1,1,0
inclus,3,2,1
incluse,2,1,1
inclut,3,3,0
incognito,1,0,1
incohérence,1,1,0
incohérences,1,1,0
incolore,1,0,1
incombant,1,0,1
incombe,9,0,9
incombent,1,0,1
incomblable,1,1,0
incommensurabilité,4,1,3
incommensurable,6,2,4
incommunicable,1,0,1
incomparable,11,2,9
incomparables,8,0,8
incompatibilité,1,1,0
incompatible,1,1,0
incomplet,2,2,0
incompréhensible,8,4,4
incompréhensiblement,2,1,1
incompréhensibles,1,1,0
incompréhension,1,1,0
incompris,1,1,0
inconcevable,4,4,0
inconcevables,1,1,0
incondition,13,0,13
inconditionné,4,3,1
inconditionnel,3,0,3
inconditionnelle,1,1,0
inconditionnellement,1,1,0
inconditionnels,1,1,0
inconfort,4,1,3
inconnaissable,1,0,1
inconnu,14,9,5
inconnue,2,2,0
inconnues,1,1,0
inconnus,1,0,1
inconscient,4,3,1
inconsciente,4,4,0
inconscientes,1,0,1
inconscients,1,1,0
inconsistant,1,1,0
inconsistante,3,2,1
incontestable,2,2,0
incontestablement,7,0,7
incontestée,1,1,0
incontrôlable,1,1,0
incontrôlables,1,0,1
inconvertible,12,3,9
inconvertibles,1,1,0
incorruptibilité,1,1,0
incorruptible,1,1,0
incréée,1,1,0
incrustation,1,1,0
incrustée,1,0,1
incuriosité,1,1,0
indécence,2,2,0
indéchiffrable,1,1,0
indéchirable,5,1,4
indécise,1,1,0
indéclinabilité,11,0,11
indéclinable,15,0,15
indédinée,1,0,1
indéfini,5,2,3
indéfinie,2,1,1
indéfiniment,3,2,1
indémaillable,1,0,1
indénouable,3,0,3
indépassable,6,5,1
indépendamment,10,5,5
indépendance,51,50,1
indépendant,12,11,1
indépendante,9,5,4
indépendantes,1,0,1
indépendants,2,2,0
indéphasable,1,0,1
indéracinable,1,1,0
indescriptible,3,0,3
indésirable,3,0,3
indestructible,1,0,1
indétermination,13,12,1
indéterminé,5,2,3
indéterminée,3,3,0
indétrônable,1,0,1
index,2,2,0
indication,5,2,3
indice,1,0,1
indices,1,0,1
indicible,14,3,11
indifféremment,3,2,1
indifférence,62,2,60
indifférent,11,3,8
indifférente,9,2,7
indifférents,2,2,0
indigence,15,12,3
indigent,5,5,0
indigente,1,1,0
indignité,4,4,0
indiquait,2,2,0
indiquant,1,0,1
indique,38,30,8
indiqué,6,3,3
indiquent,1,1,0
indiquer,5,2,3
indiquerait,4,4,0
indirect,5,1,4
indirecte,2,1,1
indirectement,2,1,1
indirectes,1,0,1
indiscernable,1,0,1
indiscernables,4,3,1
indiscret,1,1,0
indiscrète,1,1,0
indiscrétion,8,3,5
indiscutée,2,2,0
indispensable,7,6,1
indispensables,1,1,0
indissimulable,1,1,0
indissoluble,2,2,0
indistinguables,1,1,0
individu,31,20,11
individualité,6,5,1
individualités,2,2,0
individuation,27,14,13
individuations,1,0,1
individue,1,0,1
individué,1,1,0
individuée,2,2,0
individuel,11,6,5
individuelÂ·,1,0,1
individuelle,5,4,1
individuelles,1,1,0
individuels,1,0,1
individus,17,14,3
indivis,1,0,1
indomptable,1,0,1
indomptée,1,1,0
indubitable,1,1,0
indulgence,2,2,0
industrie,4,3,1
industrielles,1,1,0
industrieux,4,1,3
inébranlable,2,2,0
inédit,1,1,0
inédite,1,0,1
ineffable,5,2,3
ineffaçable,2,1,1
inefficacité,1,0,1
inégal,1,0,1
inégalité,16,3,13
inéluctable,11,8,3
inéluctablement,2,2,0
inénarrable,1,0,1
inenglobable,2,1,1
inépuisable,9,8,1
inépuisables,1,1,0
inerte,4,1,3
inertie,5,1,4
inescamotable,1,1,0
inévitable,22,17,5
inévitablement,8,5,3
inévitables,1,0,1
inexorable,3,3,0
inexorablement,1,0,1
inexplicable,1,1,0
inexpliquées,1,1,0
inexpliqués,1,1,0
inexplorée,2,2,0
inexplorées,1,1,0
inexpressif,1,1,0
inexpressive,2,2,0
inexprimé,1,1,0
inexprimée,1,1,0
inextension,1,0,1
inextinguible,2,1,1
infantile,1,0,1
inférieur,2,2,0
inférieure,1,1,0
infidèlement,1,0,1
infidélité,1,0,1
infiltre,1,1,0
infime,1,1,0
infini,484,323,161
infiniÂ·,1,1,0
infinie,39,26,13
infinies,4,4,0
infiniment,28,25,3
infinis,3,2,1
infinita,1,1,0
infinité,5,1,4
infinitésimal,1,0,1
infinitésimale,2,1,1
infiniti,1,1,0
infinitif,1,0,1
infinition,14,10,4
infinitude,7,7,0
infléchit,3,2,1
inflexible,1,0,1
inflexion,3,0,3
inflexions,1,0,1
inflige,3,0,3
infligé,2,1,1
infligeant,1,1,0
influe,1,1,0
influence,5,5,0
influences,8,5,3
informant,1,0,1
information,8,4,4
informations,13,0,13
informe,8,5,3
informée,3,0,3
informer,1,1,0
infra,1,1,0
infranchissable,6,3,3
infranchissables,1,1,0
infrastructure,1,1,0
ingénieur,1,1,0
ingenii,1,1,0
inhabitable,1,0,1
inhabité,1,0,1
inhérence,1,0,1
inhérente,2,2,0
inhérentes,1,1,0
inhibe,1,1,0
inhibée,1,1,0
inhumain,2,2,0
inhumanité,5,4,1
inîelligerem,1,1,0
inîelligo,1,1,0
inimaginable,2,1,1
inimitable,1,0,1
inimitée,2,1,1
inintégrable,1,1,0
inintelligibilité,1,0,1
inintelligible,2,1,1
ininterrompu,1,1,0
ininterrompue,1,1,0
ininterrompues,1,1,0
initial,3,2,1
initiale,6,2,4
initialement,6,6,0
initiales,1,0,1
initialité,1,1,0
initiateur,1,0,1
initiation,1,1,0
initiative,31,12,19
initiatives,2,1,1
injonction,1,1,0
injuste,2,2,0
injustice,11,8,3
injustifiable,5,0,5
injustifié,3,2,1
injustifiée,1,1,0
inné,1,0,1
innocemment,1,1,0
innocence,10,2,8
innocent,1,1,0
innocente,2,2,0
innombrable,1,1,0
innombrables,8,0,8
inoffensive,3,0,3
inopérante,1,0,1
inouï,1,0,1
inouïe,1,0,1
inqualifiable,1,0,1
inquiétant,3,2,1
inquiété,3,0,3
inquiète,7,3,4
inquiétera,1,1,0
inquiets,1,0,1
inquiétude,37,9,28
inquiétudes,1,1,0
insaisissable,7,4,3
insatiabilité,1,1,0
insatiable,1,1,0
insatisfaction,3,3,0
insatisfait,1,1,0
inscription,4,1,3
inscrire,1,0,1
inscrit,11,7,4
inscrite,11,4,7
inscrits,1,1,0
inscrivait,1,0,1
inscrivant,4,0,4
inscrive,1,1,0
inscrivent,5,2,3
insécurité,19,18,1
insensé,1,0,1
insensée,3,0,3
insensibiliser,1,1,0
insensible,1,0,1
insensiblement,1,0,1
inséparable,17,5,12
inséparables,2,2,0
insérant,2,1,1
inséré,1,1,0
insère,4,3,1
insèrent,3,3,0
insérer,1,1,0
insertion,5,4,1
insexué,1,1,0
insidieuse,1,0,1
insidieuses,1,1,0
insignifiance,7,0,7
insignifiant,4,1,3
insignifiante,3,0,3
insignifiants,5,1,4
insinuation,3,0,3
insinue,3,3,0
insinué,1,0,1
insistance,2,1,1
insistant,2,2,0
insiste,5,2,3
insistent,1,1,0
insister,6,3,3
insolite,4,3,1
insoluble,1,1,0
insomnie,12,1,11
insondable,7,7,0
insonore,1,0,1
insouciance,1,1,0
insouciant,1,1,0
insoupçonnées,1,0,1
insoupçonnés,2,2,0
inspirant,1,0,1
inspiration,45,0,45
inspire,4,1,3
inspiré,5,1,4
inspirée,2,1,1
inspirer,1,0,1
instabilité,1,1,0
instable,4,1,3
installant,1,0,1
installation,5,2,3
installe,7,2,5
installé,5,4,1
installée,1,0,1
installer,5,1,4
installerait,1,0,1
instance,1,0,1
instant,90,61,29
instantané,1,1,0
instantanea,1,0,1
instantanée,2,2,0
instantanéité,2,2,0
instants,15,8,7
instar,3,0,3
instaurant,4,1,3
instauration,6,1,5
instaure,31,27,4
instauré,1,0,1
instaurer,1,1,0
instaurerait,1,1,0
instigation,1,1,0
instinct,8,5,3
instinctif,1,1,0
instinctive,1,1,0
instincts,2,1,1
institue,2,1,1
instituer,2,1,1
institution,5,2,3
institutionnelle,1,1,0
institutions,12,9,3
instruire,1,1,0
instruisent,1,1,0
instrument,6,5,1
instrumental,1,1,0
insu,16,9,7
insuffisamment,5,0,5
insuffisance,11,10,1
insuffisant,2,2,0
insuffisante,4,1,3
insufflé,1,0,1
insulaire,2,2,0
insularité,1,1,0
insurmontable,10,5,5
intact,4,1,3
intacte,2,1,1
intacts,1,0,1
intangible,1,1,0
intarissable,1,1,0
intégral,1,0,1
intégrale,7,0,7
intégralement,3,0,3
intégrant,3,3,0
intégration,4,4,0
intégré,1,1,0
intègre,10,7,3
intègrent,2,2,0
intégrer,9,8,1
intégrerait,1,1,0
intégrité,1,1,0
intellect,11,7,4
intellection,3,0,3
intellectualisme,9,6,3
intellectualiste,6,3,3
intellectualistes,1,0,1
intellectuel,5,2,3
intellectuelle,6,6,0
intellectuels,4,0,4
intelligence,27,24,3
intelligent,2,2,0
intelligibilité,68,15,53
intelligible,37,22,15
intelligibles,2,1,1
intelligilité,1,0,1
intempéries,1,1,0
intempestive,1,0,1
intemporel,1,1,0
intemporelle,1,0,1
intemporellement,1,1,0
intention,50,25,25
intentionÂ·,1,1,0
intentionnalité,128,39,89
intentionnalités,1,0,1
intentionnel,15,2,13
intentionnelle,15,4,11
intentionnellement,4,1,3
intentionnelles,4,1,3
intentions,11,6,5
interaction,5,5,0
intercalant,1,1,0
interchangeable,1,0,1
interchangeables,2,2,0
interdiction,3,2,1
interdire,1,1,0
interdise,1,1,0
interdit,13,5,8
interesse,1,0,1
intéresse,1,1,0
intéressé,1,0,1
intéressement,25,0,25
intérêt,2,2,0
intérêts,6,1,5
interférence,2,1,1
interhumaine,4,3,1
interhumaines,1,1,0
intérieur,56,43,13
intérieure,45,40,5
intérieurement,3,2,1
intérieures,2,2,0
intérieurs,1,1,0
intériorisant,1,1,0
intériorisation,8,5,3
intériorisé,1,0,1
intérioriser,1,0,1
intériorité,144,116,28
intériorités,1,0,1
interlocuteur,38,29,9
interlocuteurs,19,15,4
intermédiaire,2,2,0
intermédiaires,5,4,1
interminable,3,2,1
interne,7,4,3
interpellant,1,1,0
interpellation,5,4,1
interpelle,4,3,1
interpellé,2,2,0
interpeller,1,0,1
interpénétration,1,1,0
interpersonnel,4,4,0
interpersonnelles,1,0,1
interpersonnels,1,1,0
interposer,1,0,1
interprétable,1,0,1
interprétant,1,0,1
interprétation,20,9,11
interprétations,1,0,1
interprété,5,5,0
interprète,17,10,7
interprétée,4,1,3
interprètent,3,2,1
interpréter,32,20,12
interpréterait,1,1,0
interrogation,8,1,7
interroge,10,5,5
interrogeant,1,0,1
interrogent,1,0,1
interroger,6,1,5
interrogerait,1,0,1
interrompant,5,0,5
interrompent,1,0,1
interromprait,1,1,0
interrompre,11,2,9
interromps,1,0,1
interrompt,8,3,5
interrompu,3,0,3
interrompus,1,0,1
interruption,17,2,15
interruptions,3,0,3
intersection,1,0,1
intersidéral,1,1,0
intersidéraux,1,0,1
interstice,1,1,0
interstices,7,6,1
intersubjectif,5,4,1
intersubjective,4,1,3
intersubjectivement,1,1,0
intersubjectivité,2,2,0
intervalle,42,23,19
intervalles,6,2,4
intervenait,1,1,0
intervenir,4,1,3
intervention,4,0,4
intervertir,1,1,0
intervient,9,2,7
interview,1,1,0
intime,5,5,0
intimement,1,1,0
intimité,31,24,7
intitulent,1,0,1
into,1,0,1
intolérable,2,1,1
intolérance,1,0,1
intouchable,1,1,0
intraduisible,1,1,0
intransigeant,1,1,0
intrigue,32,0,32
intrigues,1,0,1
intrinsèque,1,1,0
introduction,6,2,4
introduirait,1,1,0
introduire,8,5,3
introduisait,1,1,0
introduisant,1,0,1
introduise,1,0,1
introduisent,1,0,1
introduit,18,10,8
introduite,3,2,1
intropathie,1,0,1
introspection,1,1,0
intueri,1,1,0
intuitif,1,0,1
intuition,63,17,46
intuitions,1,1,0
intuitive,3,2,1
intuitivement,2,1,1
intuitives,1,1,0
inutile,2,2,0
inutilité,1,1,0
invariance,1,0,1
inventant,1,1,0
inventé,1,1,0
inventer,1,1,0
invention,2,1,1
inventoriés,1,0,1
inversait,1,1,0
inversant,1,0,1
inverse,10,3,7
inversement,8,7,1
inverser,2,2,0
inversion,29,17,12
inversions,1,0,1
invertie,1,0,1
invertir,3,2,1
invertirait,2,2,0
invertissant,2,1,1
invertissent,2,1,1
invertit,15,7,8
investi,1,0,1
investie,2,2,0
investigation,1,1,0
investir,8,4,4
investissant,1,0,1
investit,8,3,5
investiture,6,3,3
invincible,4,0,4
inviolabilité,2,2,0
inviolable,8,8,0
inviolée,1,1,0
invisibilité,9,2,7
invisible,45,29,16
invisibles,5,5,0
invitant,1,0,1
invite,7,6,1
invité,1,1,0
inviter,2,2,0
invocation,5,2,3
involontaire,6,2,4
involution,2,2,0
invoque,3,3,0
invoqué,1,1,0
invoquée,2,2,0
invoquer,4,3,1
invraisemblable,3,2,1
ipséité,43,22,21
ipsius,2,2,0
ipso,5,4,1
ipsum,4,0,4
iraient,1,0,1
irait,1,0,1
ironie,7,0,7
irrationaliste,2,2,0
irrationalité,2,2,0
irrationnel,8,8,0
irrationnelle,1,1,0
irrationnelles,1,1,0
irréalité,1,1,0
irreboutable,1,0,1
irrécupérable,19,0,19
irrécusable,18,1,17
irréductibilité,6,3,3
irréductible,87,35,52
irréductibles,6,5,1
irréfléchi,2,1,1
irréfléchie,1,1,0
irréfrénable,1,0,1
irréfutable,1,1,0
irréfutables,1,0,1
irréligion,1,1,0
irrémédiable,1,1,0
irrémissibilité,3,0,3
irrémissible,2,1,1
irrémissiblement,1,1,0
irremplaçable,25,2,23
"irremplaçable	s",1,0,1
irremplaçables,2,1,1
irréparable,3,2,1
irreprésentable,12,3,9
irréprésentable,1,0,1
irrésiliable,3,0,3
irrésorbable,1,0,1
irrespect,4,4,0
irresponsable,1,1,0
irresponsables,1,0,1
irréversibilité,6,3,3
irréversible,12,1,11
irréversiblement,3,0,3
irrévocable,2,1,1
irritabilité,3,0,3
irrité,1,1,0
irruption,1,0,1
isaïe,5,2,3
isole,2,2,0
isolé,8,5,3
isolée,3,2,1
isolées,1,0,1
isolement,10,7,3
isoler,2,1,1
isolerait,1,1,0
isolés,1,1,0
issu,10,3,7
issue,24,12,12
issues,5,0,5
issus,1,0,1
ist,1,0,1
ita,1,1,0
itération,5,1,4
itinéraire,5,1,4
ivre,1,0,1
ivresse,1,0,1
jadis,7,2,5
jaillissant,2,2,0
jaillissement,2,1,1
jaillit,1,1,0
jalonner,1,1,0
jalons,3,2,1
jalouse,3,0,3
jam,1,1,0
jamais,118,41,77
jankélévitch,1,1,0
jardin,2,1,1
jean,1,1,0
jeanne,1,0,1
jehuda,1,0,1
jemeinigkeit,1,0,1
jetant,1,0,1
jeté,3,3,0
jetée,3,0,3
jetées,1,1,0
jeter,1,1,0
jette,3,3,0
jeu,109,33,76
jeune,3,2,1
jeûne,1,0,1
jeunesse,11,6,5
jeunesses,1,1,0
jeux,3,0,3
job,3,0,3
joconde,1,1,0
joie,16,15,1
joies,2,2,0
joint,5,2,3
jonas,1,0,1
jonction,1,1,0
jouait,1,1,0
jouant,7,3,4
joue,53,37,16
joué,2,1,1
jouée,1,1,0
jouent,3,3,0
jouer,12,9,3
jouerais,1,1,0
jouerait,3,2,1
jouet,1,1,0
jouets,1,1,0
jouir,19,10,9
jouis,3,3,0
jouissance,299,258,41
jouissant,10,6,4
jouissent,1,1,0
jouisseur,1,1,0
jouissons,6,6,0
jouit,13,12,1
jour,16,7,9
journal,1,1,0
jours,4,0,4
joyeuse,2,2,0
jubilation,1,1,0
jubile,1,1,0
juge,19,12,7
jugé,3,3,0
jugeant,1,1,0
jugée,1,1,0
jugement,97,89,8
jugements,1,1,0
jugent,1,0,1
juger,4,3,1
juges,1,1,0
jumeaux,1,0,1
juré,1,1,0
juridiction,3,3,0
jus,1,0,1
jusqu,152,28,124
jusque,20,3,17
juste,10,3,7
justes,1,0,1
justice,145,55,90
"justice	qui",1,1,0
justiciable,1,1,0
justifiables,1,0,1
justifiaient,1,0,1
justifiait,1,1,0
justifiant,1,0,1
justification,19,18,1
justifie,18,9,9
justifié,1,1,0
justifiée,4,3,1
justifient,1,0,1
justifier,17,12,5
justifierait,5,2,3
kant,15,3,12
kantien,6,3,3
kantienne,8,8,0
kantiennes,1,0,1
kantisme,3,0,3
karamazov,1,0,1
kerygmatique,7,0,7
kérygmatique,1,0,1
kerygmatiquement,1,0,1
kerygme,9,0,9
kerygrne,1,0,1
kierkegaard,2,2,0
kinésiques,2,1,1
klinge,1,0,1
laÂ·,2,2,0
labilité,2,1,1
labyrinthe,1,1,0
labyrinthes,1,0,1
lâcher,1,0,1
lâcheté,6,3,3
laideur,2,2,0
laissait,3,2,1
laissant,14,5,9
laisse,83,38,45
laissé,3,2,1
laissée,5,1,4
laissent,3,0,3
laisser,46,17,29
laissera,5,0,5
laisseraient,1,0,1
laisserait,4,1,3
laissés,1,1,0
lait,1,0,1
lamentable,1,0,1
lampes,1,1,0
lance,2,2,0
land,2,2,0
langage,280,175,105
langages,1,0,1
lÃ¤ngst,1,0,1
langue,18,2,16
langues,5,0,5
langueur,1,0,1
laps,17,0,17
lapsus,1,0,1
laquelle,251,133,118
large,7,3,4
larges,1,1,0
largeur,1,1,0
larme,2,2,0
larmes,1,0,1
lascif,4,4,0
lascive,1,1,0
lascivité,1,1,0
lassitude,5,0,5
latence,1,0,1
latent,1,0,1
latente,20,5,15
latérale,4,4,0
latet,3,3,0
latines,1,0,1
lave,1,0,1
leÂ·,1,0,1
léchant,1,1,0
lécher,1,0,1
leçon,2,2,0
lecteur,4,4,0
légalité,2,1,1
léger,2,2,0
légère,4,1,3
légèrement,1,1,0
légèreté,1,1,0
légitimation,1,0,1
légitime,4,1,3
légitimité,1,1,0
leibhaft,1,1,0
leibnitz,2,2,0
leibniz,3,0,3
lendemain,10,7,3
lendemains,2,2,0
léon,2,2,0
lequel,111,54,57
les,1488,792,696
lèsent,1,1,0
lesquelles,22,5,17
lesquels,13,5,8
lettre,8,3,5
lettres,1,0,1
leur,252,122,130
leurs,39,14,25
levé,1,0,1
lève,9,5,4
lèvent,3,0,3
lever,4,1,3
lévitation,1,0,1
lèvres,3,3,0
levy,1,1,0
lévy,1,1,0
lia,1,1,0
liaison,1,0,1
libéralisme,1,1,0
libération,7,6,1
libéré,8,7,1
libère,12,9,3
libérée,2,2,0
libèrent,1,1,0
libérer,3,3,0
libérèrent,1,1,0
libérés,1,0,1
liberté,411,260,151
libertés,4,1,3
libre,102,57,45
librement,10,5,5
libres,4,1,3
licet,1,1,0
lie,1,0,1
lié,7,3,4
liée,7,7,0
liées,1,0,1
lien,13,9,4
liens,4,4,0
lient,1,1,0
lieu,131,49,82
lieux,2,2,0
ligne,13,8,5
lignes,3,2,1
limbe,1,0,1
limitant,7,4,3
limitation,31,22,9
limite,64,49,15
limité,8,4,4
limitée,8,7,1
limitent,4,4,0
limiter,3,3,0
limiterait,1,1,0
limites,26,13,13
limitons,1,1,0
limitrophe,1,1,0
limitrophes,1,1,0
linéaire,3,0,3
linéaments,5,5,0
linguistique,13,1,12
linguistiques,1,0,1
liquide,4,3,1
liquidité,1,1,0
lirait,1,0,1
lire,2,2,0
lisent,1,1,0
liséré,1,1,0
lit,1,1,0
littéral,8,1,7
littéralement,1,0,1
liturgie,2,2,0
liturgique,2,2,0
livrant,6,3,3
livre,50,25,25
livré,8,4,4
livrée,1,1,0
livrées,1,1,0
livrent,3,2,1
livrer,6,3,3
livres,6,1,5
localisation,3,3,0
locuteur,3,0,3
loge,5,4,1
logent,1,1,0
loger,3,0,3
logicien,1,0,1
logique,86,50,36
logiquement,5,5,0
logiques,9,1,8
logis,1,0,1
logische,2,2,0
logistique,1,1,0
logos,64,4,60
loi,21,13,8
loin,60,37,23
lointain,6,2,4
lointaine,1,1,0
lointains,3,0,3
lois,16,12,4
loisir,2,1,1
long,6,1,5
longtemps,5,2,3
longuement,1,1,0
longueur,4,1,3
lors,103,41,62
lorsqu,5,4,1
lorsque,13,9,4
louange,1,0,1
louche,1,0,1
louis,1,1,0
loup,1,0,1
lourd,3,2,1
lourdeurs,1,1,0
love,4,0,4
lucide,3,0,3
lucidité,5,2,3
luciférienne,1,0,1
ludique,1,0,1
lueur,1,0,1
lui,485,269,216
luire,2,1,1
luisance,4,0,4
luit,12,9,3
lumière,123,70,53
lumières,3,2,1
lumineux,2,2,0
luminis,1,1,0
luminosité,5,2,3
lunaire,1,1,0
lunettes,1,1,0
luttant,2,2,0
lutte,39,24,15
luxe,1,1,0
luxueuses,1,0,1
luxueux,1,1,0
macbeth,4,3,1
machina,1,0,1
machine,6,6,0
machinerie,2,1,1
machines,2,2,0
magie,3,2,1
magique,5,2,3
magiquement,1,1,0
magistrale,1,1,0
magistrature,1,1,0
magnétisent,1,1,0
maïeutique,10,10,0
main,54,49,5
mains,14,5,9
maintenant,19,8,11
maintenir,21,17,4
maintenons,1,1,0
maintenue,1,1,0
maintien,5,5,0
maintiendrait,4,3,1
maintiennent,1,1,0
maintient,42,34,8
mais,1644,944,700
maison,65,64,1
maître,39,36,3
maîtres,1,1,0
maîtresse,2,2,0
maîtrisant,2,1,1
maîtrise,30,29,1
majestatis,1,1,0
majesté,3,3,0
mal,30,15,15
"mal	puisse",1,0,1
malade,6,3,3
maladie,10,6,4
maladresses,1,0,1
malaxe,1,1,0
malaxerait,1,1,0
malchance,1,1,0
malédiction,1,1,0
malentendu,1,0,1
malgré,125,35,90
malheur,9,4,5
malheureuses,1,0,1
malheurs,5,0,5
malice,1,0,1
malignité,1,0,1
malin,8,8,0
malsain,1,0,1
maltraiter,1,1,0
malveillance,1,1,0
malveillantes,1,1,0
man,2,2,0
manches,1,1,0
manège,1,0,1
mange,8,4,4
manger,8,5,3
maniable,1,1,0
manie,1,1,0
maniement,2,2,0
manier,2,2,0
manière,42,34,8
manières,1,1,0
manifestait,1,1,0
manifestant,6,2,4
manifestati,1,0,1
manifestation,126,46,80
manifestations,4,3,1
manifeste,83,50,33
manifesté,6,3,3
manifestée,2,1,1
manifestent,5,4,1
manifester,12,9,3
manifesterait,5,0,5
manifestés,1,0,1
manipulation,2,2,0
manne,1,0,1
manquant,4,0,4
manque,51,38,13
manqué,4,4,0
manquée,1,0,1
manquement,1,0,1
manquent,3,2,1
manquer,3,2,1
manquerait,2,1,1
manques,1,0,1
manqués,1,1,0
manteau,1,0,1
manufacture,1,1,0
manuscrits,1,0,1
maquis,1,1,0
marais,1,1,0
marcel,1,1,0
marcelle,1,1,0
marchande,1,1,0
marchandise,3,3,0
marchandises,1,1,0
marchant,1,1,0
marche,13,8,5
marché,2,2,0
marcher,1,1,0
marchons,1,1,0
marées,1,0,1
marge,2,2,0
marges,1,0,1
marmonne,1,0,1
marquant,1,0,1
marque,34,25,9
marqué,2,2,0
marquée,4,1,3
marquent,6,3,3
marquer,6,3,3
marqueraient,1,0,1
marquerait,3,3,0
marques,1,0,1
marteau,4,4,0
marteaux,2,2,0
martyre,3,0,3
marxistes,1,1,0
masculine,1,1,0
masque,16,5,11
masqué,1,1,0
masquent,1,1,0
masques,1,0,1
masse,5,2,3
masses,3,0,3
massif,1,0,1
matérialisation,3,0,3
matérialise,3,0,3
matérialisme,4,4,0
matérialité,16,5,11
matériaux,2,1,1
matériel,4,3,1
matérielle,1,0,1
matérielles,1,1,0
matériels,4,3,1
maternel,4,0,4
maternelle,1,0,1
maternels,1,0,1
maternité,20,1,19
mathématique,9,4,5
mathématiques,4,1,3
mathesis,1,0,1
matière,82,36,46
matin,1,0,1
matrice,5,2,3
maturation,1,1,0
maudit,1,1,0
mauvais,7,3,4
mauvaise,6,2,4
maux,2,2,0
max,1,0,1
maximes,1,0,1
maximum,1,1,0
méandre,1,0,1
mécanique,4,1,3
mécanisation,1,0,1
mécanisme,6,5,1
méchanceté,1,0,1
méchants,1,1,0
méconnaissance,3,3,0
méconnaissant,1,1,0
méconnaissent,2,2,0
méconnaît,5,5,0
méconnaître,5,0,5
méconnu,2,1,1
méconnue,2,2,0
mécontent,1,1,0
mécontentement,2,2,0
médailles,1,1,0
médecin,4,3,1
médecine,1,0,1
médecins,1,1,0
médiateur,1,1,0
médiation,13,5,8
médiatise,1,1,0
médiatisé,1,0,1
médiatrice,1,0,1
médication,4,1,3
méditation,9,5,4
méditations,1,1,0
medium,1,1,0
méfiance,2,1,1
méfiants,1,0,1
méfie,1,1,0
méfient,1,1,0
méfier,1,0,1
mei,2,2,0
meilleur,4,1,3
meilleure,3,0,3
meilleures,1,1,0
mein,1,0,1
mélancolique,1,1,0
mélange,1,1,0
mêlée,1,1,0
mêler,1,0,1
mélodique,1,0,1
membre,2,1,1
membres,1,1,0
même,1814,859,955
"même	peut",1,1,0
mêmes,43,23,20
mémoire,64,12,52
mémorable,15,0,15
menaçant,3,2,1
menace,39,35,4
menacé,2,1,1
menacée,3,3,0
menacent,2,2,0
menacer,2,2,0
menaces,2,2,0
ménage,7,2,5
menait,1,0,1
menant,3,0,3
mené,4,0,4
mène,38,17,21
menée,6,1,5
menées,1,0,1
mènent,5,2,3
mener,1,1,0
mènerait,3,2,1
mens,1,0,1
menschheit,1,0,1
mensonge,14,10,4
mensongère,1,1,0
ment,9,6,3
mentait,1,1,0
mental,1,1,0
mentales,1,1,0
mentalité,1,1,0
mentir,4,3,1
meos,1,1,0
mephistopheles,1,0,1
méphistophélès,1,1,0
mépris,3,2,1
méprisant,1,0,1
mer,9,8,1
merci,1,0,1
mère,2,2,0
mérite,5,1,4
méritent,1,1,0
mérites,1,0,1
merleau,7,2,5
merveille,10,9,1
merveilles,1,0,1
merveilleuse,1,1,0
mes,41,32,9
message,9,2,7
messages,3,0,3
messianique,4,4,0
mesurable,1,0,1
mesurables,1,0,1
mesurant,6,2,4
mesure,126,68,58
mesuré,2,1,1
mesurée,2,1,1
mesurent,2,1,1
mesurer,16,9,7
mesurés,1,0,1
met,70,51,19
méta,1,0,1
métal,1,1,0
métalangue,3,0,3
métalogique,1,0,1
métamorphosée,1,0,1
métamorphosées,1,0,1
métaph,1,0,1
métaphore,20,4,16
métaphores,6,2,4
métaphorique,1,1,0
métaphoriques,1,0,1
métaphysicien,13,13,0
métaphysique,119,115,4
métaphysiquement,2,2,0
métaphysiques,1,1,0
métempsycose,1,1,0
méthode,8,7,1
méthodologique,3,0,3
métier,2,1,1
mettant,11,4,7
mette,1,1,0
mettent,5,1,4
mettra,1,1,0
mettrait,3,2,1
mettre,38,23,15
meuble,4,3,1
meubles,4,4,0
meurt,6,3,3
meurtre,34,34,0
meurtrier,3,3,0
meurtrière,3,3,0
meut,3,2,1
meuvent,1,1,0
micro,1,1,0
midi,4,1,3
mien,7,7,0
mienne,14,10,4
miennes,2,2,0
mieux,24,16,8
mihi,1,1,0
mijote,1,0,1
milieu,20,17,3
militaires,1,0,1
mince,1,0,1
minceur,3,0,3
mine,1,0,1
minimale,1,1,0
minimalement,2,2,0
minimiser,1,0,1
minus,1,1,0
minute,1,1,0
miracle,6,3,3
miraculeuse,6,3,3
miraculeusement,2,1,1
mirage,1,0,1
mirages,1,0,1
miroirs,1,1,0
mis,9,6,3
mise,59,32,27
misère,23,16,7
miséreux,2,1,1
mission,3,0,3
mnémosyne,1,0,1
mobile,3,0,3
mobilisation,2,2,0
mobilité,1,0,1
modales,1,0,1
modalité,56,7,49
modalités,11,2,9
mode,41,14,27
modelant,1,0,1
modèle,10,3,7
modelée,1,1,0
modeler,1,1,0
modèles,3,0,3
modérant,1,0,1
moderne,12,5,7
modernes,6,3,3
modernité,1,0,1
modes,13,6,7
modestement,2,1,1
modifiant,1,0,1
modification,28,5,23
modifications,3,0,3
modifie,7,4,3
modifié,8,1,7
modifiée,1,0,1
modifier,1,0,1
modifierait,1,1,0
modulait,1,0,1
modulant,1,0,1
module,1,0,1
modulent,1,0,1
moduler,1,0,1
moelleuse,1,0,1
mÅ“urs,3,0,3
moi,1015,590,425
moindre,8,5,3
moins,110,48,62
moitié,1,1,0
moitiés,1,1,0
mollesse,3,0,3
moment,74,45,29
moments,15,8,7
mon,209,112,97
monade,2,1,1
monades,3,3,0
monadique,1,1,0
monadologie,1,1,0
monarchie,1,1,0
mondanité,1,1,0
monde,352,270,82
mondes,7,0,7
monisme,1,1,0
moniste,1,1,0
monnaie,5,1,4
monologue,3,2,1
monopoliserait,1,1,0
monosyllabique,3,0,3
monothéisme,2,2,0
monothéiste,1,1,0
monothéistes,1,0,1
monotone,1,1,0
monotonie,3,2,1
monsieur,4,3,1
monstration,20,0,20
monstrueuses,1,0,1
monstrueux,1,1,0
montaigne,1,1,0
monter,1,0,1
montra,1,1,0
montrant,20,0,20
montre,126,9,117
montré,13,5,8
montrée,3,0,3
montrent,20,1,19
montrer,60,15,45
montrera,6,1,5
montrerons,4,4,0
montreront,1,0,1
monumentale,1,1,0
moque,2,2,0
moquer,1,0,1
moquera,1,1,0
moral,5,5,0
morale,51,47,4
moralement,1,1,0
morales,7,4,3
moralité,15,15,0
moraux,2,2,0
morceau,1,1,0
mord,1,0,1
mordais,1,1,0
mordant,2,1,1
mordrait,1,1,0
mordre,3,2,1
morne,2,2,0
morsure,6,2,4
mort,241,175,66
mortale,1,1,0
mortalité,13,9,4
morte,4,4,0
mortel,13,8,5
mortelle,7,7,0
mortelles,1,0,1
mortels,3,2,1
mortes,2,2,0
morts,2,2,0
mortuaire,2,1,1
mosaïque,1,0,1
mot,87,29,58
motifs,1,0,1
motivation,1,0,1
motivations,1,0,1
motivée,4,0,4
motivées,1,0,1
motiverait,1,0,1
mots,49,6,43
mottes,1,1,0
moule,1,0,1
mourait,1,0,1
mourant,5,4,1
mourir,18,9,9
mourons,1,1,0
mourra,1,0,1
mouvante,1,1,0
mouvement,155,99,56
mouvements,17,13,4
mouvoir,3,2,1
mouvons,1,1,0
mouvrait,1,0,1
moyen,12,11,1
moyens,15,12,3
muant,1,1,0
mue,16,8,8
muer,5,1,4
muet,4,1,3
muette,1,1,0
multiple,9,6,3
multiples,5,5,0
multipliable,1,0,1
multiplication,5,0,5
multiplicité,74,57,17
multiplie,1,0,1
multiplient,1,0,1
multiplier,7,0,7
multiplierait,1,0,1
multitude,2,2,0
multo,1,1,0
muqueuses,1,0,1
mur,4,3,1
mûre,2,1,1
mûres,1,1,0
murmure,1,0,1
murs,3,3,0
muse,1,1,0
musées,1,0,1
musique,4,1,3
mutation,6,2,4
mutations,1,1,0
mutilée,2,2,0
mutisme,1,1,0
mutuellement,3,2,1
mystère,25,14,11
mystérieuse,4,1,3
mystérieusement,2,2,0
mystérieuses,1,0,1
mystérieux,11,6,5
mystification,5,5,0
mystifications,1,1,0
mystifie,1,1,0
mystique,4,3,1
mystiques,1,0,1
mythe,11,10,1
mythes,4,3,1
mythique,5,5,0
mythiquement,2,1,1
mythiques,2,2,0
mythologies,1,0,1
mythologique,1,1,0
nabert,1,0,1
nacelle,1,0,1
naïf,7,6,1
naissance,59,24,35
naissent,3,0,3
naît,10,5,5
naîtraient,1,1,0
naîtrait,1,0,1
naître,1,1,0
naïve,11,7,4
naïvement,2,1,1
naïveté,17,8,9
naquîmes,1,1,0
narcissisme,1,0,1
narines,1,1,0
narrant,1,0,1
narration,1,0,1
narrative,1,0,1
narre,2,1,1
narré,1,0,1
natal,1,0,1
nation,1,1,0
national,1,0,1
nationalisme,1,0,1
naturalisme,1,0,1
naturaliste,3,3,0
nature,73,42,31
naturel,6,3,3
naturelle,14,5,9
naturellement,6,3,3
naturels,1,1,0
naufrage,2,1,1
navigateur,1,1,0
navigation,1,0,1
neÂ·,1,0,1
néant,107,61,46
néantisation,2,1,1
nec,1,0,1
nécessaire,48,25,23
nécessairement,13,13,0
nécessaires,4,4,0
nécessitant,1,1,0
nécessité,26,6,20
nécessitée,1,1,0
nécessités,10,6,4
née,4,0,4
négateur,3,2,1
négateurs,2,2,0
négatif,10,3,7
négatifs,2,1,1
négation,73,45,28
négations,1,0,1
négative,22,11,11
négativement,9,6,3
négatives,2,1,1
négativité,44,13,31
néglige,1,0,1
négligé,1,1,0
négligeant,4,0,4
négliger,2,2,0
négociation,1,1,0
néologisme,1,0,1
nerfs,1,0,1
nessus,1,0,1
net,1,0,1
nette,1,0,1
nettement,1,1,0
neutralisable,1,1,0
neutralisant,1,1,0
neutralisation,2,1,1
neutralise,3,2,1
neutraliser,1,1,0
neutralité,9,2,7
neutre,23,22,1
niaiserie,3,0,3
niant,3,2,1
nicht,1,0,1
nichts,1,0,1
nie,7,6,1
nié,3,3,0
niée,1,1,0
nient,2,2,0
nier,7,7,0
nietzsche,5,1,4
nietzschéen,1,0,1
nihilisme,1,0,1
nihilo,6,6,0
"nihilo	Ã ",1,0,1
niveau,22,14,8
niveaux,1,0,1
noble,1,0,1
noblesse,7,4,3
nocturne,5,4,1
nocturnes,1,1,0
noématique,3,0,3
noématisation,1,1,0
noème,17,9,8
noèmes,3,3,0
noèse,16,5,11
noèses,1,0,1
nÅ“ud,20,1,19
nÅ“uds,4,0,4
noie,3,3,0
noire,1,1,0
noirs,1,0,1
nom,65,12,53
nomade,1,0,1
nombre,9,9,0
nombres,2,2,0
nombreuses,1,1,0
nominale,4,0,4
nominalisant,1,0,1
nominalisation,4,0,4
nominalise,1,0,1
nominalisé,3,0,3
nominalisée,3,0,3
nominaliser,1,0,1
nominalisera,1,0,1
nominalisme,1,1,0
nominaliste,1,1,0
nominatif,9,0,9
nomination,4,0,4
nommable,3,0,3
nommant,1,0,1
nomme,11,2,9
nommé,4,0,4
nomment,1,0,1
nommer,8,0,8
nommons,1,1,0
nomos,1,0,1
noms,11,0,11
non,778,333,445
nonavoir,1,1,0
nonpareille,1,1,0
nonsens,1,0,1
normal,1,0,1
norme,6,1,5
normes,5,2,3
nos,35,15,20
nostalgie,6,5,1
nostalgique,1,1,0
notamment,3,0,3
notes,4,0,4
notion,91,56,35
notions,21,12,9
notons,3,3,0
notre,78,53,25
nôtre,1,1,0
noue,15,0,15
noué,4,0,4
nouée,5,0,5
nouement,1,0,1
nouent,3,2,1
nouménale,1,1,0
noumène,4,4,0
nourri,1,1,0
nourricier,1,0,1
nourrie,1,1,0
nourrir,7,3,4
nourrissait,2,1,1
nourrissent,1,1,0
nourrisson,1,0,1
nourrit,20,20,0
nourriture,24,24,0
nourritures,10,10,0
nous,502,381,121
nouveau,64,31,33
nouveauté,13,6,7
nouveaux,7,4,3
nouvel,3,3,0
nouvelle,33,24,9
nouvelles,5,1,4
now,1,1,0
noyau,14,1,13
noyaute,1,0,1
noyaux,1,0,1
nuance,1,0,1
nuancée,1,0,1
nucléaire,1,0,1
nucléarité,1,0,1
nudité,52,39,13
nue,11,4,7
nues,1,1,0
nuit,22,11,11
nul,7,0,7
nulla,1,1,0
nulle,12,12,0
nullement,15,8,7
numen,1,1,0
numérique,4,4,0
numineuse,1,1,0
numineux,2,2,0
nunc,2,2,0
nur,1,0,1
nus,2,2,0
nutrition,1,1,0
nymphes,1,1,0
obédience,1,1,0
obéi,3,0,3
obéir,3,2,1
obéis,1,0,1
obéissance,35,10,25
obéissant,1,1,0
obéissante,1,0,1
obéit,7,0,7
objecter,1,1,0
objectif,36,24,12
objectifs,2,1,1
objection,1,0,1
objections,3,0,3
objectivant,6,5,1
objectivante,9,6,3
objectivantes,1,1,0
objectivation,30,17,13
objective,43,39,4
objectivée,3,2,1
objectivement,6,6,0
objectiverait,1,0,1
objectives,3,3,0
objectivisme,1,1,0
objectivité,56,39,17
objet,225,167,58
objets,59,52,7
obligation,20,4,16
obligations,6,3,3
oblige,3,2,1
obligé,3,2,1
obligée,3,2,1
obscène,1,1,0
obscénité,1,0,1
obscur,5,4,1
obscurcir,1,0,1
obscurcissante,1,0,1
obscurcissement,1,0,1
obscurcit,1,1,0
obscure,2,2,0
obscures,1,1,0
obscurité,12,9,3
obscurs,1,1,0
obsédant,3,0,3
obsédé,5,0,5
obsède,11,0,11
obsédée,4,0,4
obsèdent,3,0,3
obséder,1,0,1
observateurs,1,1,0
obsession,71,2,69
obsessionnelle,3,0,3
obsidionale,1,0,1
obstacle,17,13,4
obstacles,1,1,0
obstine,2,1,1
obstinément,3,0,3
obtenait,1,0,1
obtenir,4,4,0
obtention,1,1,0
obtenu,1,1,0
obtenue,1,1,0
obtenues,1,1,0
obtient,8,7,1
obtusité,1,0,1
occasion,2,2,0
occasionnellement,1,0,1
occasions,3,3,0
occident,10,1,9
occidental,1,0,1
occidentale,26,9,17
occidentaux,1,0,1
occultation,1,0,1
occulte,1,1,0
occultent,1,0,1
occupation,3,0,3
occupations,1,1,0
occupe,5,4,1
occupent,2,2,0
odyssée,3,2,1
Å“cuménie,2,2,0
Å“il,20,8,12
Å“uvrant,2,2,0
Å“uvrante,1,1,0
Å“uvre,127,110,17
Å“uvrer,1,1,0
Å“uvres,35,32,3
offensable,1,1,0
offense,13,10,3
offensé,2,2,0
offert,16,9,7
offerte,11,7,4
offertes,1,1,0
offerts,2,2,0
offrables,1,1,0
offraient,1,1,0
offrande,3,0,3
offrant,16,7,9
offre,66,53,13
offrent,7,6,1
offrir,20,8,12
offrira,1,1,0
offrirait,4,1,3
oie,1,0,1
oiseuse,1,0,1
olfactif,3,0,3
olfactive,3,0,3
olfactives,1,1,0
ombre,18,7,11
ombres,6,1,5
omet,1,1,0
omnino,1,1,0
onde,1,1,0
ondes,1,0,1
ondoiement,1,0,1
ondulation,1,1,0
ont,52,32,20
ontique,5,0,5
ontologie,107,47,60
"ontologie	peuvent",1,0,1
ontologies,1,0,1
ontologique,78,35,43
ontologiquement,6,3,3
ontologiques,7,0,7
ontologisation,1,0,1
opacité,10,1,9
opaque,2,1,1
opérant,4,0,4
opération,14,7,7
opérationnelles,1,1,0
opérations,1,1,0
opératoires,1,0,1
opéré,1,0,1
opère,15,7,8
opérée,6,3,3
opérerait,1,1,0
opinion,12,9,3
opinions,5,4,1
opposant,4,3,1
oppose,40,31,9
opposé,23,10,13
opposée,7,6,1
opposées,1,1,0
opposent,3,2,1
opposer,8,8,0
opposera,1,1,0
opposerait,2,2,0
opposés,2,2,0
opposition,49,42,7
opposons,3,3,0
oppression,2,1,1
opprime,1,0,1
opprimé,3,0,3
opprimée,1,1,0
opté,1,1,0
optimiste,1,0,1
option,2,1,1
optique,6,5,1
oracle,6,2,4
oral,1,1,0
ordinaire,1,1,0
ordination,1,0,1
ordonnait,3,0,3
ordonnant,8,1,7
ordonne,24,0,24
ordonné,3,0,3
ordonnée,2,1,1
ordonnent,4,0,4
ordonner,2,1,1
ordre,173,68,105
ordres,2,1,1
orée,1,1,0
oreilles,4,3,1
oreillettes,1,1,0
ores,17,13,4
organe,5,5,0
organes,1,1,0
organisation,3,2,1
organise,2,1,1
organisée,1,1,0
organisme,3,0,3
orgueil,3,2,1
orientale,2,2,0
orientant,1,0,1
orientation,11,10,1
oriente,2,2,0
orienté,1,0,1
orientée,2,2,0
orientent,1,1,0
orienter,4,3,1
originaire,25,0,25
original,5,5,0
originale,1,1,0
originalité,22,22,0
origine,106,48,58
originel,58,25,33
originelle,71,42,29
originellement,9,6,3
originels,2,1,1
origines,1,1,0
orne,3,0,3
ornées,1,1,0
ornement,2,2,0
ornements,1,1,0
orphelin,6,6,0
orpheline,1,0,1
osant,1,0,1
oscille,1,1,0
ose,1,0,1
osé,1,0,1
osée,1,1,0
ossature,3,2,1
ostensible,1,0,1
ostension,28,0,28
ostentation,1,0,1
ostention,1,0,1
otage,46,0,46
ouÂ·,1,0,1
oubli,24,7,17
oubliables,1,0,1
oubliant,4,1,3
oublie,6,2,4
oublié,6,2,4
oubliée,2,2,0
oubliées,3,0,3
oublient,1,0,1
oublier,15,7,8
oublieuse,1,1,0
oublieux,2,1,1
oublis,1,1,0
oui,9,5,4
ouï,1,0,1
ouïe,1,0,1
outil,7,7,0
outils,11,11,0
outrage,12,0,12
outrages,1,0,1
outre,1,0,1
outrée,1,1,0
outrepassant,1,0,1
ouvert,18,5,13
ouverte,12,8,4
ouvertes,1,0,1
ouverts,1,0,1
ouverture,103,19,84
ouvrage,18,14,4
ouvrages,2,2,0
ouvrait,1,1,0
ouvrant,11,3,8
ouvre,66,47,19
ouvrent,4,3,1
ouvrier,4,4,0
ouvrir,11,3,8
ouvriraient,1,1,0
ouvrirait,3,0,3
oxygène,4,0,4
pacifique,4,4,0
pacte,1,0,1
paganisme,1,1,0
pages,8,4,4
paie,2,2,0
païens,2,2,0
paille,1,1,0
pain,40,16,24
pair,2,2,0
paix,55,23,32
palais,1,1,0
pâle,1,1,0
palette,1,0,1
pâlir,1,1,0
palpable,1,0,1
palpation,5,1,4
palpe,2,1,1
pâmant,1,1,0
pâme,1,1,0
pâmoison,2,2,0
panorama,1,1,0
panoramique,10,10,0
panoramiquement,3,3,0
panthéisme,1,1,0
par,1966,998,968
parachève,1,0,1
paradis,3,2,1
paradisiaque,2,2,0
paradoxal,1,0,1
paradoxalement,7,0,7
paradoxales,1,0,1
paradoxe,16,9,7
paradoxes,1,1,0
paraissait,1,0,1
paraisse,1,0,1
paraît,1,1,0
paraître,8,3,5
paraîtront,1,0,1
parallèlement,1,1,0
parallélisme,4,0,4
paralysant,1,0,1
paralyse,7,6,1
paralytique,2,2,0
paraphraser,1,1,0
parce,155,93,62
parcimonie,1,0,1
parcourait,1,1,0
parcourant,1,0,1
parcourir,3,0,3
parcours,5,1,4
parcourt,2,2,0
parcourue,2,2,0
parcourues,1,1,0
pardon,17,14,3
pardonné,2,2,0
pardonnée,2,2,0
paré,1,1,0
pareil,4,4,0
pareille,4,4,0
parent,1,1,0
parenté,11,6,5
parenthèses,3,0,3
parents,3,3,0
parer,3,2,1
paresseusement,1,1,0
parfait,12,9,3
parfaite,1,1,0
parfaitement,7,4,3
parfois,5,2,3
parfum,1,0,1
parlait,1,0,1
parlant,24,13,11
parlants,1,0,1
parle,66,37,29
parlé,4,3,1
parlée,1,0,1
parlées,1,0,1
parlent,4,3,1
parler,65,38,27
parlerons,2,2,0
parleur,2,1,1
parménide,10,5,5
parménidien,3,3,0
parménidienne,1,1,0
parmi,33,17,16
paroi,1,0,1
parole,119,108,11
paroles,10,6,4
parousie,4,0,4
paroxysme,1,1,0
parque,1,0,1
parques,1,0,1
parricide,3,0,3
part,70,53,17
partage,2,1,1
partageant,1,0,1
partager,3,0,3
partait,2,2,0
partance,1,1,0
partant,20,8,12
partenaire,1,1,0
partenaires,1,0,1
partent,3,2,1
parti,2,1,1
partiale,1,0,1
partialité,3,3,0
participant,5,4,1
participation,33,29,4
participe,10,5,5
participent,1,1,0
participer,4,4,0
participeraient,2,2,0
participons,1,1,0
particularisme,2,2,0
particularité,11,8,3
particularités,3,3,0
particulier,23,14,9
particulière,1,1,0
particulièrement,1,0,1
particulières,1,1,0
particuliers,5,4,1
partie,39,27,12
partielle,5,2,3
partiellement,5,4,1
partiellité,1,1,0
parties,8,4,4
partir,244,130,114
partirait,1,1,0
partis,2,2,0
partisans,1,1,0
partit,1,1,0
partition,3,0,3
partout,10,2,8
parts,8,3,5
paru,2,2,0
pas,3026,1781,1245
pascal,1,1,0
pascalien,2,2,0
passage,39,20,19
passait,1,0,1
passant,6,2,4
passation,1,1,0
passe,68,10,58
passé,147,49,98
passée,13,2,11
passer,29,5,24
passeraient,3,0,3
passerait,2,1,1
passés,1,0,1
passif,8,1,7
passion,20,8,12
passions,2,1,1
passive,43,0,43
passivement,4,0,4
passivi,1,0,1
passivité,279,27,252
"passivité	exposition",1,0,1
passons,1,1,0
patent,1,1,0
paternalisme,1,0,1
paternel,4,4,0
paternelle,1,1,0
paternité,18,18,0
pathétique,9,6,3
pathos,1,1,0
patiemment,4,0,4
patience,56,12,44
patient,3,0,3
pâtir,3,0,3
patrie,7,4,3
pâture,1,1,0
paul,3,0,3
pauvre,6,6,0
pauvreté,14,5,9
payait,1,1,0
payant,1,0,1
paye,1,0,1
payer,4,0,4
pays,6,3,3
paysage,5,5,0
paysages,3,2,1
peau,67,2,65
péché,4,1,3
pêche,1,1,0
pédagogie,3,3,0
pédagogique,1,1,0
peindre,1,1,0
peine,13,6,7
peiner,1,1,0
peintre,1,1,0
peints,1,1,0
peinture,3,0,3
péjoratif,1,0,1
pelotonnement,1,0,1
pelures,3,0,3
penchant,2,1,1
penchants,1,1,0
pencher,2,2,0
pendant,10,7,3
pénétrable,1,0,1
pénétrant,6,2,4
pénétration,1,1,0
pénétré,2,1,1
pénètre,4,0,4
pénétrer,1,1,0
pénétrons,1,1,0
pensable,8,1,7
pensait,2,1,1
pensant,19,14,5
pensante,1,1,0
pense,56,35,21
pensé,28,17,11
pensée,357,245,112
pensées,17,13,4
pensent,4,1,3
penser,71,21,50
penserait,2,2,0
penserions,1,0,1
pensés,3,2,1
penseur,9,8,1
penseurs,4,3,1
pensons,1,1,0
pente,2,2,0
pénurie,1,0,1
per,2,2,0
perçant,5,2,3
perce,7,6,1
percé,2,1,1
percée,3,0,3
percent,1,1,0
perception,44,21,23
perceptionem,1,1,0
perceptions,1,1,0
percer,2,2,0
percerait,1,1,0
percevant,3,0,3
percevoir,1,1,0
percevrait,1,1,0
percipi,1,1,0
perçoit,2,2,0
perçu,10,3,7
perçues,1,0,1
perd,38,26,12
perdant,9,4,5
perde,3,3,0
perdent,5,4,1
perdra,1,1,0
perdrait,5,1,4
perdre,27,7,20
perds,1,1,0
perdu,26,14,12
perdue,6,2,4
perdues,2,2,0
perdurance,3,0,3
perdurant,1,0,1
perduration,2,2,0
perdus,1,0,1
père,19,18,1
pérennité,1,1,0
perfecta,1,1,0
perfection,7,6,1
perfectionis,1,1,0
perfectionné,1,1,0
perfections,2,1,1
perfectum,1,1,0
perfide,1,1,0
perfidement,1,1,0
périclite,1,0,1
péril,1,1,0
périlleux,2,2,0
périmée,1,0,1
périodique,4,1,3
péripétie,5,0,5
péripéties,4,1,3
périssable,1,0,1
perlait,1,0,1
perleraient,1,0,1
permanence,6,5,1
permanent,6,2,4
permanente,12,7,5
perméabilité,1,1,0
permet,41,29,12
permets,1,1,0
permettant,2,1,1
permette,1,1,0
permettent,7,4,3
permettra,3,2,1
permettrait,3,0,3
permettre,7,0,7
permettront,1,1,0
permirent,1,0,1
permis,8,3,5
permise,1,1,0
permit,1,1,0
perpétue,3,0,3
perpétuel,4,4,0
perpétuité,1,1,0
persécute,1,0,1
persécuté,15,0,15
persécutée,1,0,1
persécuter,3,0,3
persécuteur,7,0,7
persécution,45,0,45
persécutrice,7,0,7
persévérait,1,0,1
persévérance,5,0,5
persistance,7,0,7
persister,3,0,3
personnage,3,2,1
personnages,2,1,1
personnalité,5,5,0
personne,82,42,40
personnel,21,20,1
personnelle,10,9,1
personnellement,3,3,0
personnels,2,2,0
personnes,12,12,0
perspective,17,17,0
perspectives,5,5,0
persuasion,1,1,0
perte,14,3,11
pervertirait,1,1,0
pesait,1,1,0
pesant,1,1,0
pesante,1,1,0
pesanteur,2,2,0
pèse,11,3,8
pesée,1,0,1
pèsent,5,1,4
peser,2,1,1
pèserait,1,0,1
pessimisme,2,2,0
petii,1,0,1
petit,1,1,0
peu,13,4,9
peuplant,1,0,1
peuple,4,3,1
peuples,9,2,7
peur,20,20,0
peut,614,343,271
peuvent,48,27,21
peux,55,38,17
phase,5,0,5
phases,11,0,11
phédon,7,3,4
phèdre,3,2,1
phénoménal,2,1,1
phénoménale,4,4,0
phénoménalité,34,9,25
phénomène,85,44,41
phénomènes,6,5,1
phénoménologie,36,13,23
phénoménologique,8,4,4
phénoménologiquement,1,1,0
phénoménologiques,1,0,1
phénoménologues,1,1,0
philanthrope,1,1,0
philologie,4,1,3
philologues,3,0,3
philosophe,21,6,15
philosopher,5,1,4
philosophes,16,9,7
philosophi,1,0,1
philosophie,191,74,117
philosophies,1,0,1
philosophique,62,26,36
philosophiquement,1,1,0
philosophiques,4,1,3
phosphorescence,3,2,1
phrase,5,4,1
phrases,2,2,0
physiciens,1,0,1
physico,5,2,3
physicochimique,1,0,1
physiologie,4,3,1
physiologique,3,2,1
physiologiste,2,2,0
physionomie,3,0,3
physique,19,12,7
physiques,1,1,0
pièce,1,1,0
pièces,2,2,0
pied,14,6,8
pieds,3,2,1
piège,1,0,1
pierre,7,6,1
pierres,3,2,1
piété,1,0,1
piétinement,1,0,1
pieuse,2,1,1
pieux,1,0,1
pignon,1,1,0
pilote,1,0,1
piquait,1,1,0
pis,7,0,7
pitié,5,2,3
pitoyable,1,0,1
pivot,3,0,3
plaçant,5,4,1
place,102,63,39
placé,13,5,8
placée,1,0,1
placent,4,4,0
placer,17,12,5
placerait,2,1,1
placés,3,2,1
placet,1,1,0
plaçons,1,0,1
plafond,1,1,0
plage,1,1,0
plaide,1,1,0
plaine,1,1,0
plaint,1,0,1
plaira,1,1,0
plaire,1,1,0
plaisance,3,0,3
plaisir,22,15,7
plaisirs,4,4,0
plaît,2,2,0
plan,48,40,8
plans,1,0,1
plaque,1,0,1
plaquées,1,1,0
plasticité,8,0,8
plastique,10,9,1
plastiquement,2,1,1
plastiques,1,1,0
plates,1,0,1
platon,51,32,19
platonicien,9,5,4
platonicienne,6,6,0
platoniciennes,1,0,1
platonique,2,2,0
plein,12,5,7
pleine,11,7,4
pleinement,9,4,5
pleines,4,3,1
plénitude,25,16,9
pléonasme,1,1,0
pliant,1,0,1
plie,4,3,1
plient,2,1,1
plier,1,0,1
plomb,1,0,1
plonge,4,4,0
plongé,1,0,1
plongée,3,3,0
plongent,1,1,0
plongeon,1,0,1
plongés,1,1,0
plotin,3,2,1
ployant,1,0,1
plumage,1,1,0
plume,4,3,1
plupart,3,3,0
pluralisme,17,17,0
"pluralisme	la",1,1,0
pluraliste,3,3,0
pluralité,17,16,1
pluriel,3,3,0
plus,585,254,331
plusieurs,11,4,7
plutôt,29,13,16
pneuma,5,0,5
pneumatisme,1,0,1
poÃ«,1,1,0
poème,5,1,4
poèmes,3,0,3
poésie,9,1,8
poète,1,1,0
poétique,5,1,4
poids,29,10,19
point,158,57,101
pointant,1,0,1
pointe,25,17,8
points,18,10,8
poison,2,2,0
polariser,1,0,1
pôle,2,1,1
polémique,1,0,1
pôles,1,0,1
policée,1,1,0
polissure,1,0,1
politesse,1,0,1
politique,35,24,11
politiquement,1,0,1
politiques,1,1,0
pommes,1,1,0
ponctualité,3,0,3
ponctuel,5,1,4
ponctuelle,1,0,1
ponctuels,1,1,0
ponty,7,2,5
populaires,1,0,1
port,8,0,8
portaient,1,0,1
portait,3,0,3
portant,12,1,11
porte,58,35,23
porté,6,5,1
portée,24,8,16
portées,2,2,0
portent,12,5,7
porter,21,10,11
porterait,4,1,3
porteront,1,0,1
portes,5,2,3
porteur,5,1,4
porteurs,2,1,1
portrait,1,0,1
portugais,1,0,1
posaient,1,1,0
posait,2,2,0
posant,8,5,3
pose,48,33,15
posé,17,8,9
posée,9,8,1
posent,4,3,1
poser,37,25,12
posera,1,0,1
poseraient,1,0,1
poserait,1,1,0
poses,1,0,1
posés,1,0,1
positif,11,8,3
positifs,2,2,0
position,78,49,29
positions,3,2,1
positive,17,10,7
positivement,22,15,7
positives,2,2,0
positivité,18,6,12
posse,1,1,0
possédable,2,2,0
possédais,1,1,0
possédait,1,1,0
possédant,6,3,3
possédants,1,1,0
possédé,7,4,3
possède,18,15,3
possédée,2,2,0
possédées,2,2,0
possèdent,1,1,0
posséder,18,15,3
posséderait,1,1,0
possesseurs,1,1,0
possessifs,1,0,1
possession,109,96,13
possessions,1,1,0
possibili,1,0,1
possibilité,154,100,54
possibilités,20,8,12
possible,201,115,86
"possible	expiation",1,0,1
possiblement,9,2,7
possibles,24,16,8
poste,3,3,0
postérieur,1,1,0
postérieure,4,3,1
postérieurement,1,1,0
posteriori,3,3,0
postériorité,1,1,0
postulant,2,2,0
postulants,1,0,1
postulats,1,0,1
potentialité,1,0,1
potentiel,1,0,1
poterit,1,1,0
pouchkine,2,2,0
poumon,7,0,7
pour,1345,482,863
pourchasse,1,0,1
pourchassé,3,0,3
pourpre,1,0,1
pourquoi,32,16,16
pourra,11,6,5
pourraient,3,2,1
pourrais,2,1,1
pourrait,41,20,21
pourrons,1,1,0
poursuit,3,3,0
poursuite,2,1,1
poursuivant,3,2,1
poursuive,2,2,0
poursuivie,2,1,1
pourtant,11,2,9
pourvu,1,0,1
pourvue,1,0,1
pousse,2,1,1
poussé,1,1,0
poussée,4,3,1
poussées,2,1,1
pousser,1,0,1
poussière,2,1,1
pouvaient,6,1,5
pouvais,1,0,1
pouvait,23,10,13
pouvant,4,1,3
pouvoir,128,92,36
pouvoirs,40,35,5
pouvons,7,6,1
pragmatiste,1,1,0
prairie,1,1,0
pratique,25,18,7
pratiquée,1,1,0
pratiques,4,0,4
praxis,5,1,4
pré,47,2,45
préalable,57,16,41
préalablement,7,3,4
précarité,1,1,0
précaution,3,0,3
précédant,15,0,15
précédé,1,0,1
précède,42,25,17
précédée,4,1,3
précédées,1,1,0
précèdent,2,1,1
précédente,1,1,0
précéder,3,0,3
"précéder	s",1,1,0
précéderait,4,1,3
prêcher,3,0,3
précieuse,3,2,1
précieux,1,1,0
précis,7,4,3
précise,2,2,0
précisé,1,1,0
précisément,243,138,105
précisent,1,1,0
préciser,5,1,4
précisera,1,1,0
précision,4,4,0
précurseur,3,0,3
prédestination,1,1,0
prédéterminé,1,1,0
prédicat,3,0,3
prédicatif,5,0,5
prédication,8,1,7
prédicative,9,0,9
prédicatives,1,0,1
prédicats,1,0,1
prédiction,1,0,1
prédominance,1,1,0
prééminence,1,0,1
préétabli,1,0,1
préétablie,1,1,0
préexistant,2,2,0
préexistante,4,1,3
préexiste,2,2,0
préexistence,1,1,0
préexistent,1,1,0
préfabriquée,1,1,0
préface,6,3,3
préfacer,1,0,1
préférant,1,1,0
préféré,2,2,0
préfère,3,3,0
préférer,1,0,1
préférons,1,1,0
préfigure,2,1,1
préhistoire,3,0,3
préhistorique,2,1,1
préjuge,1,0,1
préjugé,1,1,0
préjugés,1,1,0
prélevant,1,0,1
prélevée,1,0,1
préliaison,1,1,0
préliminaire,7,0,7
préliminaires,1,1,0
prélogique,1,0,1
prématuré,2,1,1
prématurée,4,1,3
premier,63,40,23
première,85,53,32
premières,6,3,3
premiers,3,0,3
prémuni,1,1,0
prémunie,1,0,1
prémunir,1,1,0
prenant,8,3,5
prend,73,41,32
prendra,1,1,0
prendraient,1,1,0
prendrait,11,3,8
prendre,59,20,39
prends,4,1,3
prenne,1,1,0
prennent,6,2,4
préoccupations,1,1,0
préoccupe,1,1,0
préoccupé,1,1,0
préoccupent,1,1,0
préoriginelle,1,0,1
préparatoire,2,2,0
prépare,1,1,0
préparer,2,2,0
préréflexive,1,0,1
près,6,5,1
présence,220,123,97
présences,2,1,1
présent,312,69,243
présentait,1,1,0
présentant,6,3,3
présentation,38,27,11
présente,89,68,21
présenté,8,5,3
présentée,4,1,3
présentent,6,5,1
présenter,25,24,1
présentera,3,2,1
présentes,1,1,0
présentés,1,0,1
présents,9,1,8
préserve,4,0,4
préservé,1,1,0
préserverait,1,0,1
présidant,1,1,0
préside,1,1,0
président,2,2,0
présocratiques,1,1,0
présocratisme,1,1,0
présomptions,3,0,3
presque,2,1,1
presse,2,2,0
pressent,2,1,1
pressentant,1,1,0
pressentie,1,0,1
pression,1,1,0
prestation,5,0,5
prestige,5,2,3
présuppose,9,5,4
présupposé,3,0,3
présupposée,2,2,0
présupposent,1,1,0
présupposés,4,1,3
présupposition,1,0,1
prêt,1,0,1
prêtant,6,2,4
prête,25,13,12
prêté,4,3,1
prétend,21,9,12
prétendait,1,0,1
prétendant,1,0,1
prétendent,3,0,3
prétendre,7,4,3
prétends,1,1,0
prétendu,7,3,4
prétendue,7,6,1
prétendument,8,3,5
prêtent,4,1,3
prétention,27,15,12
prétentions,4,1,3
prêter,5,2,3
prêtera,1,0,1
prêteront,1,1,0
prétexte,9,5,4
préthéorique,1,1,0
prêts,1,1,0
preuve,6,3,3
prévenir,5,5,0
prévenu,1,0,1
prévision,4,1,3
prévoir,4,4,0
prière,11,2,9
prières,1,0,1
primaire,1,0,1
primat,18,11,7
primauté,7,4,3
prime,7,6,1
primesautiers,1,1,0
primitif,2,1,1
primitive,2,2,0
primordial,1,0,1
primordiale,12,5,7
primordialement,3,0,3
principal,1,1,0
principales,1,1,0
principauté,4,1,3
principaux,1,0,1
principe,58,26,32
principes,9,5,4
principielle,1,0,1
printemps,3,2,1
priorem,1,1,0
priori,32,17,15
priorité,11,3,8
prirent,1,0,1
pris,24,5,19
prise,84,51,33
prises,9,2,7
prison,3,2,1
prisonnière,1,1,0
privant,1,0,1
privation,12,9,3
privatives,1,0,1
privé,7,4,3
privée,5,5,0
privées,1,0,1
priver,2,2,0
privilège,31,18,13
privilégié,14,9,5
privilégiée,11,10,1
privilégiés,1,1,0
prix,17,8,9
pro,5,1,4
probablement,7,0,7
problématique,5,1,4
problème,58,15,43
problèmes,6,2,4
procédant,3,2,1
procède,19,7,12
procèdent,4,1,3
procédera,1,1,0
procéderait,3,2,1
procédés,1,1,0
procès,5,5,0
procession,3,0,3
processus,34,13,21
prochain,160,3,157
prochains,3,2,1
proche,20,5,15
proches,1,0,1
proclamant,1,0,1
proclamation,4,1,3
proclame,4,1,3
proclamé,1,0,1
proclamer,1,1,0
procurant,1,1,0
procure,1,1,0
procurent,2,2,0
prodiguer,1,0,1
producteur,2,2,0
production,34,33,1
productrice,2,1,1
produira,1,1,0
produirait,10,5,5
produire,32,32,0
produisait,1,1,0
produisant,13,9,4
produise,14,10,4
produisent,15,12,3
produisit,1,1,0
produit,189,158,31
produite,6,3,3
produits,5,4,1
profanant,1,1,0
profanation,12,12,0
profane,6,5,1
profané,1,1,0
profanée,3,3,0
proférant,1,1,0
proféré,1,1,0
profère,3,3,0
proférer,1,1,0
professer,1,1,0
profil,3,2,1
profilant,1,1,0
profile,2,2,0
profit,1,1,0
profond,19,8,11
profonde,19,12,7
profondément,4,3,1
profondes,1,1,0
profondeur,22,19,3
profondeurs,4,3,1
profonds,1,0,1
progrès,1,0,1
progression,3,0,3
progressive,1,0,1
progressivement,1,1,0
progressivité,1,0,1
proie,2,1,1
proinde,1,1,0
projection,8,7,1
projet,20,11,9
projetée,1,1,0
projeter,4,0,4
projetions,1,1,0
projets,7,3,4
projette,6,5,1
projettent,1,1,0
projetterait,1,1,0
prolétaire,1,1,0
prolétariat,1,1,0
prolétarienne,1,1,0
prolonge,12,9,3
prolongeant,3,2,1
prolongement,4,4,0
prolongements,4,3,1
prolonger,1,1,0
promenons,1,1,0
promesse,5,2,3
promet,4,3,1
prométhée,1,1,0
promettent,1,0,1
prometteur,1,1,0
prometteurs,1,0,1
promeut,3,3,0
promis,5,2,3
promise,1,0,1
promotion,1,1,0
promouvoir,2,2,0
promulgant,1,0,1
promulgation,1,0,1
pronom,13,0,13
pronominal,1,0,1
pronominale,1,0,1
pronominaux,1,0,1
prononce,6,3,3
prononcé,1,1,0
prononcer,4,1,3
propagande,2,2,0
propage,1,1,0
prophètes,1,1,0
prophétie,1,0,1
prophétique,7,3,4
prophétisme,12,0,12
propices,1,0,1
proportion,2,2,0
proportionnées,1,0,1
proportions,1,1,0
propos,23,8,15
proposant,4,1,3
propose,11,8,3
proposé,5,4,1
proposée,1,0,1
proposent,1,0,1
proposer,1,1,0
proposition,34,10,24
propositions,9,1,8
proposons,3,3,0
propre,161,81,80
proprement,23,6,17
propres,14,2,12
propriétaire,1,1,0
propriété,11,11,0
propriétés,4,3,1
propulsion,1,1,0
prose,2,1,1
prospection,1,1,0
protagoras,1,1,0
protecteur,1,0,1
protection,12,1,11
protectrice,2,1,1
protée,1,1,0
protégé,3,0,3
protège,4,1,3
protégeant,1,0,1
protégée,1,0,1
protègent,1,1,0
protéger,3,2,1
protégerait,4,0,4
protention,11,0,11
protentions,5,0,5
protestation,9,9,0
proto,5,0,5
protoimpression,1,0,1
prototype,6,3,3
prototypes,1,1,0
proust,1,1,0
prouve,3,3,0
prouver,4,4,0
provenait,1,1,0
provenance,1,1,0
provenant,2,2,0
provenir,2,2,0
proverbe,1,0,1
proviennent,1,1,0
provient,1,1,0
provînt,1,1,0
provisoire,7,6,1
provisoirement,3,2,1
provocation,7,0,7
provoquant,1,0,1
provoque,5,4,1
provoqué,3,0,3
proximité,297,7,290
prudence,2,1,1
prudent,1,1,0
prurit,1,0,1
psalmiste,1,1,0
psaumes,1,0,1
pseudonyme,1,0,1
psychagogie,2,2,0
psychagogique,1,1,0
psychanalyse,5,4,1
psyché,3,0,3
psychique,15,6,9
psychiques,3,0,3
psychisme,90,21,69
psychologie,13,9,4
psychologique,17,9,8
psychologiques,5,2,3
psychologisme,2,1,1
psychologiste,1,0,1
psychose,1,0,1
public,3,3,0
pudeur,6,6,0
puis,2,2,0
puise,3,0,3
puisent,1,1,0
puiser,1,1,0
puisqu,17,16,1
puisque,42,27,15
puissance,27,16,11
puissances,1,1,0
puissante,2,2,0
puisse,63,39,24
puissent,3,2,1
puissions,2,2,0
pulchritudinem,1,1,0
pulluler,1,0,1
pulsation,2,1,1
pulsion,3,0,3
pulvériser,1,1,0
punir,1,1,0
punition,1,0,1
pur,63,17,46
pure,100,51,49
purement,39,26,13
pures,2,1,1
pureté,6,2,4
purifiant,1,1,0
purifié,1,1,0
purs,3,3,0
pygmalion,2,2,0
qua,1,1,0
qualifiable,3,3,0
qualification,2,1,1
qualifications,1,0,1
qualifie,2,2,0
qualifiée,2,2,0
qualifiées,1,0,1
qualifier,4,3,1
qualitatif,1,1,0
qualitative,7,6,1
qualitatives,1,0,1
qualité,39,28,11
qualités,37,18,19
quam,3,3,0
quand,69,45,24
quant,10,3,7
quantifiable,1,1,0
quantifier,1,1,0
quantitatif,1,1,0
quantitative,1,1,0
quantitativement,1,1,0
quantité,5,4,1
quantités,1,1,0
quantum,1,1,0
quartier,1,1,0
quasi,11,4,7
quasiment,3,2,1
quatre,2,1,1
quatrième,1,1,0
que,2533,1177,1356
quel,34,10,24
quelconque,70,25,45
quelconques,3,0,3
quelle,32,17,15
quelles,8,3,5
quelqu,27,20,7
quelque,108,71,37
quelques,4,1,3
quels,1,0,1
quenouille,1,0,1
quérant,1,0,1
querelle,1,0,1
quérir,2,1,1
question,187,93,94
questionnant,1,0,1
questionne,2,2,0
questionnement,9,0,9
"questionnement	signifie",1,0,1
questionner,1,1,0
questions,9,5,4
quête,4,3,1
quêtent,1,0,1
queue,1,1,0
qui,3421,1773,1648
quid,1,1,0
quiddité,22,6,16
quiddités,4,1,3
quiétude,1,0,1
quintessence,2,2,0
quisnité,1,0,1
quittant,2,1,1
quitte,3,2,1
quitté,2,2,0
quittent,1,1,0
quitter,1,1,0
quitterait,1,0,1
quittons,1,1,0
quo,1,0,1
quodammodo,1,1,0
quoi,57,26,31
quoique,3,3,0
quotidien,6,1,5
quotidienne,2,1,1
quotidienneté,1,0,1
rabat,1,1,0
rabbi,1,1,0
rabotant,1,1,0
raccourci,1,0,1
race,2,2,0
rachat,1,0,1
rachète,4,1,3
rachètent,1,1,0
racheter,1,0,1
racine,1,1,0
racines,2,2,0
raconte,2,2,0
racontent,2,1,1
raconter,1,1,0
radical,10,9,1
radicale,31,26,5
radicalement,14,7,7
radicalisme,1,1,0
raies,1,0,1
raillerie,2,2,0
railleur,1,1,0
railleuse,1,1,0
raison,166,120,46
raisonnable,27,22,5
raisonnablement,1,1,0
raisonnables,4,4,0
raisonne,2,1,1
raisonnée,1,1,0
raisonnement,5,5,0
raisons,8,4,4
ramassable,3,0,3
ramassant,1,0,1
ramasse,2,1,1
ramassé,1,1,0
ramassée,3,0,3
ramasser,4,0,4
ramassés,3,0,3
ramenait,1,1,0
ramenant,8,1,7
ramené,4,3,1
ramène,36,24,12
ramenée,1,0,1
ramènent,6,3,3
ramener,19,6,13
ramènera,1,1,0
ramènerait,3,3,0
ramenés,1,0,1
rançon,1,1,0
rang,18,11,7
range,6,6,0
rangeait,1,0,1
rangeant,1,1,0
rangent,1,0,1
rapide,1,1,0
rapidement,1,0,1
rappel,7,0,7
rappelant,3,0,3
rappeler,5,1,4
rappelés,1,1,0
rappelle,11,3,8
rappellent,1,1,0
rappelons,1,1,0
rapport,340,260,80
rapportant,4,4,0
rapporte,14,13,1
rapporté,2,1,1
rapporter,8,8,0
rapporteraient,1,0,1
rapportons,1,1,0
rapports,17,12,5
rapprochait,1,1,0
rapproche,2,2,0
rapprochée,1,1,0
rapprochement,2,2,0
rapprochent,1,1,0
rapprocher,1,0,1
rassasié,2,1,1
rassasiée,1,0,1
rassemblant,5,0,5
"rassemblant	les",1,0,1
rassemble,15,0,15
rassemblée,4,0,4
rassemblement,37,0,37
rassemblent,1,0,1
rassembler,11,0,11
rassemblés,3,0,3
raté,1,1,0
rater,3,3,0
rationalisation,1,1,0
rationalisme,9,5,4
rationaliste,1,1,0
rationalité,10,2,8
ratione,1,1,0
rationnel,5,4,1
rationnelle,7,3,4
rats,1,0,1
rattachant,2,1,1
rattache,16,9,7
rattachement,1,1,0
rattachent,3,2,1
rattrapable,1,0,1
rattrapant,1,0,1
rattrape,3,3,0
ravalée,1,1,0
ravissement,2,1,1
ravit,1,1,0
rayon,2,2,0
rayonnant,1,1,0
rayonne,3,3,0
rayonnement,5,5,0
rayons,1,0,1
rayure,1,0,1
réaction,3,2,1
réactions,1,1,0
réalisables,2,2,0
réalisant,2,2,0
réalisation,3,2,1
réalise,12,12,0
réalisé,2,2,0
réalisent,1,1,0
réaliser,5,4,1
réaliserait,2,2,0
réalisme,2,1,1
réaliste,3,3,0
réalistes,1,1,0
realitatis,1,1,0
réalité,90,79,11
réalités,6,5,1
réapparaissant,1,0,1
réapparaît,1,1,0
rebours,8,1,7
rebuter,1,1,0
recelant,1,1,0
recèle,2,2,0
recèlent,1,0,1
recèlerait,1,1,0
récente,1,1,0
réception,6,1,5
réceptivité,15,3,12
recevables,1,1,0
recevait,2,1,1
recevant,3,3,0
recevoir,21,16,5
recevra,1,1,0
recherchait,1,0,1
recherchant,5,2,3
recherche,65,29,36
recherché,6,1,5
recherchée,3,2,1
rechercher,15,8,7
recherches,7,4,3
récipient,1,0,1
réciprocable,1,0,1
réciprocité,17,5,12
réciproquable,1,0,1
réciproquables,1,0,1
réciproque,15,8,7
réciproquement,10,6,4
réciproques,6,3,3
récit,12,0,12
récits,2,1,1
réclamait,1,0,1
réclame,5,1,4
réclament,3,0,3
réclusion,1,0,1
reçoit,23,10,13
reçoive,1,1,0
reçoivent,7,3,4
recommençant,6,2,4
recommençante,2,2,0
recommence,3,0,3
recommencé,2,2,0
recommencement,10,9,1
recommencements,1,1,0
recommencent,1,1,0
recommencer,3,3,0
recommencerait,1,0,1
récompense,1,0,1
récompenser,1,0,1
réconciliation,3,3,0
réconcilier,1,1,0
reconnaissable,1,0,1
reconnaissance,21,10,11
reconnaissant,7,3,4
reconnaisse,2,2,0
reconnaissent,5,0,5
reconnaissons,3,2,1
reconnaît,21,14,7
reconnaîtra,4,3,1
reconnaître,21,17,4
reconnu,9,4,5
reconnue,9,2,7
reconnues,1,0,1
reconnus,2,2,0
reconquête,1,0,1
reconsidération,1,0,1
reconsidérer,1,0,1
reconstituer,2,2,0
reconstituerait,1,1,0
reconstitution,3,2,1
reconstruction,1,0,1
reconstruit,4,0,4
reconstruite,1,0,1
record,1,1,0
recourant,1,1,0
recourent,1,0,1
recourir,7,3,4
recourons,1,1,0
recours,30,15,15
recourt,2,1,1
recouse,1,1,0
recousent,1,0,1
recouverts,1,1,0
recouvrant,1,1,0
recouvre,4,0,4
recouvrement,7,0,7
recouvrent,2,1,1
recouvrer,1,0,1
recouvrir,3,0,3
recouvrirait,2,1,1
récriture,1,0,1
recroquevillement,1,0,1
rectification,3,0,3
recu,1,0,1
reçu,12,8,4
reçue,2,1,1
recueillant,4,3,1
recueille,5,2,3
recueillement,32,28,4
recueilli,6,6,0
recueillir,9,5,4
recueillis,1,0,1
recul,5,2,3
reculant,1,1,0
recule,2,1,1
reculer,2,2,0
reculerait,1,1,0
reculons,1,1,0
récupérable,15,0,15
récupérables,1,0,1
récupérait,1,0,1
récupérant,1,0,1
récupération,8,0,8
récupère,9,0,9
récupérée,1,0,1
récupérer,4,0,4
récupérés,1,0,1
récurrence,57,0,57
récuser,1,0,1
reddition,2,2,0
rédempteurs,1,0,1
redevable,3,0,3
redevables,1,0,1
redevenu,1,1,0
redevient,2,1,1
redire,2,1,1
redite,2,2,0
redoute,1,0,1
redouter,1,1,0
redoutés,1,0,1
redresserait,1,0,1
réductible,2,2,0
réduction,40,4,36
réductions,1,0,1
réductrice,1,0,1
réduiraient,1,1,0
réduirait,8,5,3
réduire,53,21,32
réduisait,1,1,0
réduisant,10,2,8
réduise,2,1,1
réduisent,7,3,4
réduit,76,33,43
réduite,16,7,9
réduits,1,0,1
réel,25,16,9
réelle,8,5,3
refaire,1,1,0
refait,1,1,0
référant,8,7,1
référé,1,0,1
réfère,38,27,11
référence,48,24,24
références,13,6,7
réfèrent,8,5,3
référer,17,10,7
référeraient,1,0,1
référerait,2,2,0
refermant,1,1,0
referme,2,2,0
réfléchi,4,1,3
réfléchie,2,2,0
réfléchir,5,2,3
réfléchissant,2,1,1
réfléchit,2,1,1
reflet,11,2,9
reflétant,5,1,4
reflété,1,0,1
reflète,16,8,8
réflète,1,0,1
reflétée,4,4,0
reflètent,1,1,0
refléter,9,6,3
refléteraient,1,0,1
refléterait,1,1,0
reflets,8,0,8
réflexion,55,23,32
réflexions,1,0,1
réflexive,1,0,1
refluent,1,1,0
refondre,1,1,0
refoule,1,0,1
refoulé,1,0,1
refoulée,1,0,1
refoulement,2,1,1
réfractaire,18,7,11
réfractaires,1,1,0
réfraction,1,1,0
refuge,9,2,7
réfugiant,1,1,0
réfugie,4,4,0
réfugié,1,0,1
réfugier,5,1,4
refus,44,23,21
refusant,15,7,8
refuse,38,31,7
refusé,5,4,1
refusent,7,4,3
refuser,9,9,0
réfutable,1,0,1
réfutant,1,0,1
réfutation,13,0,13
réfutations,1,0,1
refuté,1,0,1
réfute,7,6,1
réfuté,2,1,1
réfutent,1,0,1
réfuter,1,1,0
régale,1,1,0
regard,69,46,23
regardÂ·,1,1,0
regardant,5,2,3
regarde,25,9,16
regardent,6,5,1
regarder,6,3,3
regardera,1,1,0
regards,4,1,3
régime,11,7,4
région,9,4,5
régions,1,0,1
régissant,4,1,3
régissent,3,2,1
registre,1,0,1
régit,1,1,0
règle,7,2,5
réglementant,1,0,1
règles,8,5,3
régné,2,1,1
règne,22,7,15
régressif,1,0,1
régression,4,3,1
regrettable,1,1,0
regretter,1,1,0
regroupement,1,0,1
réhabilitant,1,0,1
réhabilitation,2,1,1
réhabilite,1,1,0
réhabilitée,1,1,0
réification,7,3,4
réifiée,2,1,1
réifiés,1,1,0
réintégrer,1,0,1
réintroduisant,1,0,1
rejection,1,0,1
rejet,4,1,3
rejetant,1,1,0
rejeté,1,0,1
rejeter,1,1,0
rejette,4,3,1
rejoignait,1,0,1
rejoignant,1,0,1
rejoigne,1,0,1
rejoignons,1,1,0
rejoindre,5,1,4
rejoint,3,0,3
réjouir,1,1,0
réjouit,3,3,0
relâche,3,0,3
relâchement,5,0,5
relancé,1,1,0
relatant,3,0,3
relatée,1,0,1
relatées,1,0,1
relater,1,0,1
relatés,1,0,1
relatif,5,4,1
relatifs,1,1,0
relation,560,418,142
relations,82,54,28
relative,9,8,1
relativement,2,1,1
relatives,3,0,3
relativité,8,3,5
relègue,1,0,1
relèguent,1,1,0
relent,1,1,0
relevant,2,2,0
relève,3,2,1
relèvent,2,1,1
relèverait,1,1,0
reliant,1,1,0
relie,4,3,1
relié,1,1,0
relierait,1,1,0
religieuse,4,3,1
religieux,9,8,1
religion,16,13,3
religions,8,4,4
religiosité,1,0,1
rémanence,1,1,0
remarquable,6,2,4
remarquer,1,1,0
remarques,1,1,0
remède,1,1,0
remèdes,1,1,0
remédier,1,1,0
remémorable,11,0,11
remémoration,1,0,1
remémoré,3,0,3
remémorée,1,0,1
remet,2,2,0
remets,1,1,0
remettent,1,0,1
remettre,1,0,1
réminiscence,29,2,27
remis,1,0,1
remise,3,3,0
rémission,4,0,4
remontant,10,2,8
remonte,12,7,5
remontée,14,7,7
remontent,6,1,5
remonter,24,7,17
remords,8,0,8
remous,1,1,0
remplaçants,1,0,1
remplacer,11,2,9
rempli,1,0,1
remplie,1,0,1
remplir,1,1,0
remplirait,1,0,1
remplissage,1,1,0
remplissait,1,1,0
remplissant,3,0,3
remplissement,5,0,5
remplissent,3,3,0
remplit,13,6,7
remue,6,1,5
remués,1,0,1
renaissance,5,1,4
renaissant,1,0,1
renaît,1,1,0
renaître,4,0,4
renchérit,1,1,0
rencontrant,2,2,0
rencontre,16,16,0
rencontré,1,1,0
rencontrée,1,1,0
rencontrent,1,1,0
rencontrer,2,2,0
rencontres,1,0,1
rencontrés,2,1,1
rencontret,1,1,0
rencontrons,3,3,0
rend,81,50,31
rendait,1,1,0
rendant,11,2,9
rende,2,1,1
rendent,1,1,0
rendez,3,0,3
rendra,2,2,0
rendraient,1,0,1
rendrait,6,3,3
rendre,43,27,16
rends,3,2,1
rendu,7,4,3
rendue,5,2,3
renégable,1,0,1
renie,3,0,3
reniement,1,1,0
renier,1,0,1
renonçant,6,2,4
renonce,5,5,0
renoncement,6,5,1
renoncent,1,1,0
renoncer,9,8,1
renoncerait,1,1,0
renouaient,1,0,1
renoue,3,0,3
renoué,1,0,1
renouement,1,1,0
renouer,3,2,1
renouvelé,1,1,0
renouvelée,3,3,0
renouveler,1,1,0
renouvelle,2,1,1
renouvellement,7,4,3
renseignement,1,0,1
rentrait,1,0,1
rentre,6,2,4
rentrée,1,0,1
rentrent,1,0,1
rentrer,1,0,1
renverrait,4,1,3
renversant,3,0,3
renverse,3,2,1
renversement,5,1,4
renverser,2,1,1
renvoi,5,4,1
renvoie,37,18,19
renvoient,6,3,3
renvois,1,1,0
renvoyant,1,0,1
renvoyé,1,0,1
renvoyer,2,2,0
repaît,1,1,0
repaître,1,1,0
répand,3,3,0
réparation,1,1,0
répare,1,1,0
repartir,1,1,0
repentir,1,1,0
répercussion,1,0,1
répercute,2,2,0
répercuté,1,1,0
répercutent,1,0,1
repère,1,0,1
répétant,1,0,1
répète,6,3,3
répétées,1,0,1
répéter,1,0,1
répétition,1,1,0
répétons,1,1,0
répit,5,2,3
repli,6,2,4
replie,1,0,1
repliement,7,0,7
replier,1,0,1
réplique,4,4,0
replis,3,0,3
replonge,1,1,0
replongeant,1,1,0
répond,29,21,8
répondait,2,1,1
répondant,19,4,15
répondent,1,1,0
répondrai,1,0,1
répondrait,1,1,0
répondre,33,10,23
réponds,9,2,7
répondu,2,1,1
réponse,54,14,40
réponses,2,1,1
repos,44,0,44
reposant,8,0,8
repose,32,23,9
reposent,5,5,0
reposer,12,5,7
repoussant,1,1,0
repousse,5,2,3
repoussé,1,1,0
repousser,2,1,1
reprenant,1,1,0
reprend,7,7,0
reprendra,1,0,1
reprendrait,1,0,1
reprendre,2,2,0
reprennent,2,1,1
représentable,13,0,13
représentant,5,4,1
représentatif,3,2,1
représentation,249,137,112
représentations,9,5,4
représentative,4,3,1
représentatives,1,0,1
représente,33,24,9
représenté,23,16,7
représentée,3,2,1
représentent,2,2,0
représenter,22,17,5
représenterait,1,1,0
répression,3,0,3
répressive,1,0,1
reprise,12,8,4
reprises,1,0,1
reproche,5,0,5
reprocher,1,0,1
reprochera,1,0,1
reproductions,1,0,1
république,4,1,3
répudièrent,1,0,1
repues,1,0,1
répugnance,2,1,1
répugne,1,0,1
répulsion,1,1,0
requérant,1,1,0
requérir,3,0,3
requiert,11,8,3
requis,5,0,5
requise,1,1,0
réquisition,3,0,3
rescapé,1,1,0
réseau,1,1,0
réserve,14,7,7
réservé,1,1,0
réservée,2,1,1
réserver,2,2,0
réserves,2,1,1
réservons,1,1,0
résidait,1,1,0
réside,28,20,8
résident,1,1,0
résideraient,1,0,1
résidu,17,9,8
résignation,10,2,8
résigné,1,0,1
résigner,1,0,1
résistance,56,48,8
résistant,5,1,4
résistante,1,1,0
résiste,18,9,9
résistent,2,2,0
résister,3,2,1
résolue,1,1,0
résolution,1,0,1
résolvant,1,1,0
résolvent,3,2,1
résonance,29,0,29
résonnaient,1,0,1
résonne,25,0,25
résonnent,6,1,5
résonner,14,1,13
résonnerait,1,0,1
résorbait,1,0,1
résorbant,1,0,1
résorbe,12,7,5
résorber,1,0,1
résorberait,2,2,0
résoudre,1,0,1
résout,10,7,3
respect,10,9,1
respectant,2,2,0
respecte,2,2,0
respecté,2,2,0
respirables,1,0,1
respirant,1,0,1
respiration,23,2,21
respire,4,3,1
respirer,4,3,1
respirons,1,1,0
resplendissant,1,0,1
resplendit,2,2,0
responsabilité,389,36,353
responsabilités,17,5,12
responsable,42,3,39
ressaisir,4,1,3
ressaisirait,1,0,1
ressaisissant,1,0,1
ressaisissement,6,1,5
ressaisit,3,0,3
ressassement,2,1,1
ressemblance,7,3,4
ressemblant,2,2,0
ressemble,23,14,9
ressemblent,2,2,0
ressent,2,1,1
ressentent,1,1,0
ressenti,1,1,0
ressentie,3,2,1
ressentirait,1,1,0
ressentis,1,1,0
resserrait,1,0,1
resserre,4,0,4
resserrer,1,0,1
ressort,5,4,1
ressortent,1,1,0
ressortir,3,3,0
ressortit,3,3,0
ressoude,1,1,0
ressouderait,1,1,0
ressource,1,1,0
ressources,7,6,1
ressurgir,2,2,0
ressurgirait,1,0,1
ressurgissant,1,1,0
ressurgit,2,1,1
ressuscite,2,2,0
ressusciter,1,0,1
restait,3,2,1
restant,3,2,1
restauration,1,1,0
restaurer,2,1,1
restaurerait,1,1,0
reste,99,64,35
restée,1,0,1
restent,9,6,3
rester,24,12,12
restera,1,1,0
resteraient,2,2,0
resterait,5,2,3
resterions,1,1,0
restituant,2,1,1
restitue,3,2,1
restituée,3,0,3
restituent,2,1,1
restituer,3,0,3
restitution,1,0,1
restriction,2,2,0
résultant,2,2,0
résultat,18,9,9
résultats,2,1,1
résulte,17,14,3
résulterait,2,2,0
résume,5,5,0
résument,1,1,0
résumer,2,1,1
resurgir,1,1,0
resurgit,1,1,0
résurrection,4,4,0
rétablir,1,0,1
rétablit,2,1,1
retard,16,1,15
retarde,2,1,1
retarder,2,2,0
retenant,4,0,4
retenir,8,4,4
retenons,1,1,0
retenti,1,1,0
rétention,29,0,29
retentions,1,0,1
rétentions,4,0,4
retentir,1,0,1
retentissement,1,0,1
retenu,4,1,3
retenue,16,0,16
retiendrait,1,1,0
retient,6,2,4
retirant,2,1,1
retire,6,5,1
retiré,2,2,0
retirée,2,1,1
retirer,5,2,3
retombant,1,0,1
retombe,8,4,4
retomber,1,0,1
retour,76,33,43
retournant,8,3,5
retourne,23,11,12
retournement,28,7,21
retournent,4,3,1
retourner,8,7,1
retournerait,5,1,4
rétraction,3,0,3
retrait,15,7,8
retraite,11,3,8
retranché,1,1,0
retranchées,1,0,1
rétrécir,1,1,0
rétrécissant,1,0,1
rétrécit,1,0,1
rétroaction,1,1,0
rétroactivement,1,1,0
rétrospection,1,1,0
rétrospective,3,0,3
rétrospectivement,1,0,1
retrouvable,1,0,1
retrouvailles,16,0,16
retrouvait,2,2,0
retrouvant,5,0,5
retrouve,31,15,16
retrouvée,1,0,1
retrouvées,1,0,1
retrouvent,2,1,1
retrouver,22,6,16
retrouvera,1,0,1
retrouverait,2,2,0
retrouverez,1,0,1
retrouvons,2,2,0
réunie,1,0,1
réunies,1,0,1
réunion,1,0,1
réunions,1,1,0
réunir,2,1,1
réunis,7,4,3
réunissant,2,1,1
réunissent,1,1,0
réunit,8,5,3
réussir,2,2,0
réussite,1,1,0
revalorisation,1,0,1
revanche,2,2,0
rêve,13,9,4
rêvées,1,1,0
réveil,4,3,1
réveillant,1,1,0
réveille,6,3,3
réveillé,4,0,4
réveillent,1,1,0
réveiller,2,1,1
révélait,1,1,0
révélant,7,7,0
révélateur,1,1,0
révélation,41,33,8
révélatrice,1,1,0
révélé,7,4,3
révèle,47,40,7
révélée,2,1,1
révélées,1,1,0
révèlent,1,1,0
révéler,9,5,4
révéleraient,1,0,1
révélerait,2,2,0
revenait,2,1,1
revenant,10,1,9
revendication,3,0,3
revendique,1,0,1
revendiquent,3,0,3
revenir,6,2,4
revenons,1,0,1
revenu,1,0,1
revenue,1,1,0
réversibilité,2,2,0
réversible,4,1,3
réversibles,4,1,3
rêves,2,2,0
revêt,10,3,7
revêtant,3,2,1
revêtir,5,2,3
revêtirait,1,1,0
revêtu,1,1,0
revêtue,2,1,1
revêtus,1,0,1
reviendra,1,0,1
reviendraient,1,0,1
reviendrait,8,4,4
reviendrons,1,1,0
revienne,1,0,1
reviennent,1,1,0
reviens,1,0,1
revient,48,28,20
revigoration,1,1,0
revirement,3,3,0
revivre,1,1,0
révolte,5,4,1
révoltée,1,1,0
révolter,1,1,0
révolu,1,0,1
révolus,1,1,0
révolution,6,2,4
révolutionnaire,1,1,0
revolver,1,1,0
rhétorique,16,11,5
ricanants,1,1,0
riche,1,1,0
richesse,4,3,1
richesses,3,2,1
rideau,1,0,1
rides,5,0,5
ridicule,8,4,4
rien,208,99,109
rient,1,1,0
rigoureuse,7,0,7
rigoureusement,14,5,9
rigoureux,5,2,3
rigueur,7,3,4
rimbaldienne,1,0,1
rire,13,10,3
risquant,1,1,0
risque,39,15,24
risquée,1,0,1
risquerait,1,0,1
risques,6,3,3
rit,1,1,0
rite,1,1,0
rituel,1,0,1
rivage,1,0,1
rive,5,4,1
rivé,3,2,1
rivée,2,2,0
rivière,1,0,1
robe,2,2,0
rocher,3,3,0
rochers,1,1,0
roi,1,0,1
rôle,33,21,12
rôles,1,1,0
romantique,1,1,0
romantisme,1,1,0
rompant,10,5,5
rompent,1,1,0
rompre,9,8,1
rompt,22,17,5
rompu,8,4,4
rompue,4,4,0
rongeant,4,0,4
ronger,3,0,3
rongerait,1,0,1
rosenzweig,1,1,0
rotation,1,0,1
rouages,1,1,0
roucoulement,1,1,0
rouge,17,1,16
rougeoie,7,0,7
rougeoyer,3,0,3
rougir,1,0,1
route,5,4,1
royale,2,2,0
royaume,1,0,1
royauté,3,0,3
rudimentaire,1,1,0
rue,3,3,0
rugosités,1,1,0
rugueuse,1,0,1
ruine,3,0,3
ruiné,1,0,1
ruines,1,1,0
ruissellement,1,1,0
rupture,62,27,35
ruptures,5,1,4
ruse,7,6,1
rusées,1,1,0
ruser,1,0,1
ruserait,1,0,1
ruses,1,1,0
rythme,6,6,0
rythmes,1,0,1
sabbatique,1,1,0
sable,1,1,0
sables,3,3,0
sachant,1,1,0
sache,2,2,0
sachverhalt,1,0,1
sacré,4,3,1
sacrée,2,1,1
sacrés,1,0,1
sacrifiant,1,0,1
sacrifice,21,4,17
sacrifices,1,0,1
sacrifie,2,2,0
sacrifié,1,1,0
sacrifiée,2,1,1
sacrifier,5,2,3
sacrifiés,1,1,0
sage,3,0,3
sages,1,1,0
sagesse,20,8,12
saignante,1,0,1
saillir,1,1,0
sain,1,0,1
saint,3,2,1
sainteté,11,3,8
sais,14,3,11
saisi,4,3,1
saisie,18,15,3
saisir,33,29,4
saisira,2,2,0
saisirai,1,1,0
saisirais,1,1,0
saisirait,1,1,0
saisis,3,3,0
saisissable,5,5,0
saisissables,1,1,0
saisissant,4,4,0
saisissante,1,0,1
saisisse,1,1,0
saisissement,1,0,1
saisissons,1,1,0
saisit,23,22,1
saisons,1,0,1
sait,21,6,15
salarié,1,1,0
salto,1,1,0
salut,8,4,4
salutaire,1,1,0
salutation,3,0,3
sammeln,1,0,1
sanctions,1,0,1
sang,13,0,13
sanglants,1,0,1
sans,895,353,542
santé,3,3,0
sartre,2,1,1
satiété,4,4,0
satin,1,0,1
satisfaction,42,38,4
satisfactions,1,1,0
satisfaire,13,9,4
satisfaisant,3,2,1
satisfait,12,11,1
satisfaite,3,3,0
satisfaits,1,1,0
sauf,5,1,4
saura,2,2,0
sauraient,9,6,3
saurais,2,1,1
saurait,110,53,57
saut,2,1,1
sauter,2,1,1
sauvage,1,0,1
sauvegarde,2,2,0
savant,3,0,3
saveur,8,0,8
savoir,191,66,125
savoirs,5,1,4
savons,1,1,0
savoure,3,0,3
savourer,7,0,7
scandale,7,6,1
scandant,1,1,0
scande,5,2,3
scandé,1,1,0
sceau,1,0,1
scelle,1,1,0
sceller,2,2,0
scénario,1,0,1
scène,1,1,0
scènes,1,1,0
scepticisme,37,0,37
sceptique,5,2,3
schaudern,1,0,1
scheler,1,0,1
schelling,1,1,0
schéma,12,7,5
schématisme,6,1,5
schon,3,0,3
sciant,1,1,0
science,28,8,20
sciences,10,1,9
scientifique,6,5,1
scientifiques,1,1,0
scindé,2,2,0
scinder,1,0,1
scintille,6,1,5
scintillement,1,0,1
scintillent,1,1,0
scission,3,2,1
sclérose,1,0,1
scrupule,1,0,1
scrupules,2,1,1
scrupuleuse,1,1,0
scrute,1,1,0
scruter,1,1,0
seÂ·,1,0,1
second,1,0,1
secondaire,4,0,4
secondairement,1,1,0
secourable,1,0,1
secourir,1,1,0
secours,17,14,3
secousse,1,1,0
secret,37,22,15
secrète,1,0,1
secrètes,1,1,0
secrets,1,0,1
secteurs,1,0,1
section,8,8,0
sécurité,12,8,4
sédentaire,2,1,1
sédentaires,1,1,0
séduction,4,4,0
séduire,3,0,3
séduisant,2,2,0
seiendes,1,1,0
seigneur,1,1,0
seigneurie,2,2,0
sein,79,59,20
séjour,7,6,1
séjourne,1,1,0
séjourner,2,2,0
sel,1,1,0
selon,92,22,70
sémantique,3,0,3
sémantiques,1,0,1
sembla,1,1,0
semblable,6,2,4
semblables,2,2,0
semblait,6,5,1
semblant,5,1,4
semble,28,17,11
semblent,3,2,1
semblerait,1,0,1
semblons,1,1,0
semelfacticité,1,0,1
séminale,1,1,0
sénescence,9,2,7
sens,612,269,343
sensation,69,32,37
sensations,8,4,4
sensé,15,10,5
sensée,4,4,0
sensées,1,1,0
sensibilité,181,56,125
sensible,126,45,81
sensibles,15,6,9
sensualisme,3,0,3
sensualiste,1,0,1
sensualistes,1,1,0
sent,2,1,1
sentant,17,10,7
sentants,1,1,0
sente,2,2,0
sentent,1,0,1
senti,28,13,15
sentie,1,0,1
sentiers,2,1,1
sentiment,9,8,1
sentiments,3,2,1
sentir,26,11,15
séparait,4,1,3
séparant,3,2,1
séparation,193,185,8
sépare,65,44,21
séparé,120,111,9
séparée,11,8,3
séparées,4,0,4
séparément,1,1,0
séparent,3,0,3
séparer,9,4,5
séparés,16,11,5
séquelle,2,2,0
sera,24,5,19
serai,2,2,0
seraient,20,11,9
serais,2,1,1
serait,244,82,162
sérénité,4,0,4
série,14,5,9
séries,1,0,1
sérieuse,2,1,1
sérieuses,1,1,0
sérieux,10,5,5
serment,1,0,1
sermon,1,0,1
serpent,1,1,0
serre,1,0,1
serrement,1,0,1
serrer,1,1,0
sert,13,9,4
serti,1,0,1
servante,3,0,3
serve,2,2,0
servent,1,0,1
servi,2,2,0
service,17,1,16
servie,1,0,1
servile,1,1,0
servir,17,16,1
servirait,1,1,0
serviteur,1,0,1
servitude,2,2,0
servitudes,1,1,0
ses,200,112,88
seuil,3,3,0
seul,58,39,19
seulÂ·,1,1,0
seule,40,29,11
seuleÂ·,1,1,0
seulement,247,165,82
seules,1,1,0
seuls,3,3,0
sévère,2,2,0
sexe,2,2,0
sexualité,5,5,0
sexuels,1,1,0
sganarelle,1,1,0
shakespeare,1,1,0
shakespeariennes,1,1,0
sich,3,0,3
siècle,1,1,0
siège,1,1,0
sien,5,2,3
signalant,4,3,1
signale,17,10,7
signalement,7,0,7
signaler,1,0,1
signe,152,46,106
signé,1,1,0
signes,39,19,20
"signes	en",1,1,0
signi,1,0,1
signifiait,5,1,4
signifiance,100,18,82
signifiant,47,19,28
signifiante,6,2,4
signifiants,6,1,5
significati,1,0,1
signification,493,130,363
significations,29,4,25
signifie,187,49,138
signifié,23,12,11
signifiée,3,0,3
signifient,15,2,13
signifier,48,8,40
signifieraient,1,0,1
signifierait,11,3,8
signifiés,1,0,1
signitive,1,0,1
signitivement,1,0,1
signitives,1,0,1
silence,38,19,19
silences,1,0,1
silencieuse,5,1,4
silencieuses,1,1,0
silencieux,17,10,7
silhouette,6,3,3
silhouettes,7,0,7
similitude,1,0,1
simple,92,56,36
simplement,80,55,25
simples,2,1,1
simplicité,3,2,1
simplifiant,1,1,0
simultané,1,0,1
simultanée,4,1,3
simultanées,3,2,1
simultanéité,49,9,40
simultanément,7,7,0
simultanés,3,0,3
simus,1,1,0
sincèrement,1,1,0
sincérité,52,6,46
sine,2,1,1
singularisation,3,0,3
singularité,36,20,16
singularités,3,3,0
singulier,11,4,7
singulière,12,5,7
singulièrement,3,0,3
singulières,1,0,1
singuliers,1,1,0
sinngebung,12,12,0
sinon,22,7,15
sisyphe,1,1,0
situait,1,1,0
situant,4,3,1
situation,70,41,29
situations,2,1,1
situe,35,27,8
situé,8,4,4
situent,1,1,0
situer,16,9,7
situés,1,1,0
sobre,3,0,3
social,10,9,1
sociale,19,18,1
sociales,3,2,1
socialiste,1,0,1
socialité,8,5,3
société,57,48,9
sociétés,1,1,0
sociologie,7,4,3
sociologique,1,1,0
socrate,10,5,5
socratique,7,6,1
socratise,1,0,1
sÅ“ur,2,1,1
soi,1013,316,697
"soi	la",1,0,1
soient,16,8,8
soif,9,5,4
soin,4,1,3
soir,1,0,1
sois,1,0,1
soit,170,77,93
sol,2,1,1
sola,1,1,0
soleil,9,5,4
solennité,1,0,1
solidaire,3,3,0
solidarité,12,3,9
solide,6,5,1
solides,4,3,1
solidification,1,1,0
solidité,4,3,1
solipsiste,1,1,0
solitaire,13,13,0
solitude,16,16,0
sollen,5,0,5
sollicitation,2,2,0
sollicite,6,6,0
sollicitent,3,0,3
solliciter,4,4,0
solution,7,2,5
sombrant,1,0,1
sombre,4,4,0
sombrent,1,0,1
sombrer,1,1,0
sombrera,1,1,0
sombres,2,1,1
sommation,2,2,0
somme,9,6,3
sommeil,9,2,7
sommeillant,3,3,0
sommeille,3,0,3
sommeils,1,1,0
sommes,16,7,9
sommet,1,1,0
son,1206,640,566
sonÂ·,1,0,1
songe,1,1,0
sonne,2,2,0
sonore,3,0,3
sonorité,7,0,7
sons,11,0,11
sont,177,85,92
sophisme,1,0,1
sophiste,2,1,1
sorcellerie,1,1,0
sorcières,2,2,0
sorge,1,1,0
sort,18,10,8
sortant,4,3,1
sorte,41,28,13
sortent,1,0,1
sorti,2,1,1
sortie,7,2,5
sorties,1,1,0
sortir,14,3,11
sortis,1,1,0
sortons,1,1,0
souci,40,24,16
soucie,1,1,0
soucier,6,1,5
soucieuse,5,2,3
soucieux,1,1,0
soucis,1,0,1
souder,1,1,0
souffle,14,2,12
souffrance,74,34,40
souffrances,1,1,0
souffrant,5,1,4
souffre,10,6,4
souffrent,3,0,3
souffrir,16,1,15
souffrirait,1,1,0
souhaite,2,2,0
souhaiterait,1,0,1
soulage,1,0,1
soulève,1,1,0
soulier,1,0,1
souligne,4,0,4
souligner,3,3,0
soumet,7,4,3
soumettant,2,2,0
soumettre,2,1,1
soumis,10,3,7
soumise,8,4,4
soumises,1,1,0
soumission,8,4,4
soupçon,5,2,3
soupçonnait,1,1,0
soupçonne,1,1,0
soupçonné,1,0,1
soupçonnée,1,0,1
soupçonnées,1,1,0
soupçonner,3,0,3
soupçonnerait,1,1,0
soupçonneuse,1,1,0
soupçonnons,1,0,1
soupçons,1,0,1
soupe,1,1,0
souplesse,1,1,0
source,55,27,28
sources,1,1,0
sourd,7,3,4
sourde,6,2,4
sourdement,1,0,1
sourdes,2,1,1
sourire,2,1,1
sous,212,81,131
soustrairait,1,0,1
soustraire,5,2,3
soustrait,5,2,3
soustraite,2,2,0
soutenait,1,1,0
soutenant,3,3,0
soutenir,7,4,3
soutenons,1,1,0
soutenu,2,2,0
soutenue,1,0,1
soutenues,1,1,0
souterrain,2,2,0
souterraine,2,2,0
soutien,1,0,1
soutient,13,13,0
souvenance,1,1,0
souvenir,31,12,19
souvenirs,5,1,4
souvent,7,7,0
souverain,2,1,1
souveraine,10,7,3
souverainement,1,1,0
souveraines,1,1,0
souveraineté,25,24,1
souviendra,1,1,0
souvienne,1,1,0
souvient,2,2,0
spasme,1,1,0
spatial,10,5,5
spatiale,9,2,7
spatiales,1,0,1
spatialité,1,0,1
spécial,1,0,1
spéciale,1,0,1
specificam,1,1,0
spécification,7,4,3
spécifications,1,0,1
spécificité,2,2,0
spécifique,9,4,5
spectacle,13,9,4
spectacles,1,1,0
spectateur,4,0,4
spéculation,1,0,1
spéculative,1,0,1
spéculativement,3,0,3
spéculatives,1,0,1
sphère,9,8,1
spinoza,5,4,1
spinozisme,1,1,0
spinoziste,3,3,0
spirale,2,2,0
spiritualisme,4,3,1
spiritualité,12,0,12
spirituel,9,6,3
spirituelle,5,2,3
splendeur,7,7,0
splendide,1,0,1
spontané,2,2,0
spontanea,1,0,1
spontanée,9,8,1
spontanéité,47,28,19
spontanément,1,1,0
sport,1,1,0
sprache,1,0,1
spricht,1,0,1
stabilité,1,0,1
stable,1,1,0
stables,1,1,0
stade,7,2,5
stagnante,1,1,0
stance,1,0,1
statique,2,1,1
statistiques,1,1,0
statue,1,1,0
statues,1,1,0
statut,33,20,13
stérile,4,3,1
stern,1,1,0
stigmates,1,0,1
stille,1,0,1
stimmung,1,0,1
stimule,1,1,0
stoïcienne,3,0,3
stÃ¶re,1,0,1
striant,1,0,1
strict,1,1,0
stricte,3,0,3
strictement,3,3,0
strient,1,0,1
structuralisme,1,0,1
structuraliste,1,0,1
structuration,1,0,1
structure,120,71,49
structurée,6,1,5
structures,42,10,32
structurés,1,1,0
stupide,1,1,0
style,3,2,1
stylo,1,1,0
stylos,1,1,0
subi,5,2,3
subie,8,1,7
"subies	Ã ",1,0,1
subir,25,6,19
"subir	ce",1,0,1
subirait,1,0,1
subissant,4,1,3
subissent,1,0,1
subit,15,6,9
subjectif,37,18,19
subjectifs,4,1,3
subjectivation,1,0,1
subjective,34,19,15
subjectivé,1,0,1
subjectivement,1,1,0
subjectives,2,2,0
subjectivisme,2,2,0
subjectivite,1,0,1
subjectivité,319,81,238
subjectum,1,0,1
subjugue,1,1,0
subjuguer,1,1,0
sublimant,1,1,0
sublimation,7,4,3
sublime,6,3,3
sublimé,1,1,0
sublimer,1,1,0
submerge,1,0,1
submergée,1,0,1
subordination,4,3,1
subordonnant,3,2,1
subordonne,13,8,5
subordonné,2,2,0
subordonnée,5,1,4
subordonnent,2,2,0
subordonner,6,2,4
subordonnerait,1,0,1
subreption,4,0,4
subsidiaire,2,2,0
subsistait,1,1,0
subsistance,6,3,3
subsiste,4,4,0
subsister,1,1,0
subsomption,1,0,1
substance,56,27,29
substances,10,7,3
substantia,1,1,0
substantialisation,2,1,1
substantialité,22,9,13
substantiation,1,0,1
substantiel,2,1,1
substantielle,4,1,3
substantiellement,2,2,0
substantif,5,4,1
substantifie,3,0,3
substantifs,5,0,5
substantivement,1,0,1
substantivité,1,0,1
substituant,7,0,7
substitue,11,6,5
substitué,2,1,1
substituer,19,7,12
substitution,126,2,124
substrat,1,0,1
substrats,3,0,3
subsumant,1,0,1
subsume,1,0,1
subsumée,1,0,1
subtilités,1,0,1
subversif,1,0,1
subversion,7,0,7
succédaient,1,0,1
succédané,1,0,1
succéder,1,1,0
succès,3,0,3
successif,7,0,7
successifs,1,1,0
succession,8,1,7
successive,1,0,1
successivement,2,1,1
successives,1,1,0
succion,1,0,1
succombé,1,1,0
succomber,1,1,0
such,1,0,1
sucre,1,1,0
sue,4,1,3
sueur,1,0,1
suffi,1,0,1
suffirait,1,1,0
suffire,2,1,1
suffisait,1,0,1
suffisamment,5,1,4
suffisance,16,16,0
suffisant,7,4,3
suffisante,1,1,0
suffisent,3,2,1
suffit,25,20,5
suggérant,1,0,1
suggéré,1,0,1
suggère,5,1,4
suggèrent,3,0,3
suggérer,5,1,4
suggérons,1,1,0
sui,18,17,1
suicide,13,8,5
suicider,1,1,0
suis,121,43,78
suit,7,3,4
suite,6,2,4
suivant,1,1,0
suivent,2,1,1
suivi,1,0,1
suivra,1,0,1
suivre,6,1,5
sujet,513,119,394
sujétion,20,1,19
sujets,2,1,1
sujette,1,0,1
summam,1,1,0
super,1,0,1
superbe,4,1,3
superbement,1,1,0
supercherie,1,1,0
superficiel,1,1,0
superficielle,4,3,1
superficiellement,1,1,0
superficielles,1,1,0
superflu,1,0,1
superflue,1,0,1
supérieur,3,2,1
supérieure,4,4,0
supérieurement,1,1,0
supériorité,5,5,0
superlatif,8,4,4
superlatifs,1,1,0
superlative,1,0,1
superlativement,1,1,0
superpose,3,0,3
superposer,1,1,0
superposition,1,0,1
superstructure,2,1,1
supplémentaire,3,0,3
supplie,1,1,0
supplier,1,1,0
support,12,9,3
supportable,1,1,0
supportant,8,1,7
supporte,11,6,5
supporté,3,0,3
supportée,6,2,4
"supportée	signifie",1,0,1
supportent,4,1,3
supporter,17,2,15
supporterait,1,1,0
supposait,2,1,1
supposant,3,3,0
suppose,120,84,36
supposé,4,0,4
supposée,1,1,0
supposent,10,3,7
supposer,9,8,1
supposerait,6,2,4
supposons,1,0,1
suppression,10,5,5
supprimant,1,1,0
supprime,4,0,4
supprimer,10,7,3
supprimerait,2,2,0
supputation,3,0,3
supputé,1,0,1
supra,1,1,0
suprématie,3,2,1
suprême,26,14,12
sur,570,292,278
sûr,6,2,4
surbordonnée,1,0,1
surcroît,4,1,3
surdétermination,1,0,1
surdité,1,0,1
sûre,3,3,0
sûrement,1,0,1
surenchère,4,0,4
surenchérit,1,0,1
sûreté,1,0,1
surface,10,5,5
surfaces,1,1,0
surgi,2,2,0
surgir,14,13,1
surgissant,5,4,1
surgisse,1,1,0
surgissement,9,4,5
surgissent,4,1,3
surgit,25,21,4
surlendemain,1,0,1
surmontant,3,3,0
surmonte,5,4,1
surmonté,1,0,1
surmontée,5,4,1
surmontent,1,1,0
surmonter,18,17,1
surnage,1,0,1
surnaturel,1,1,0
surpassant,1,1,0
surplus,42,29,13
surprenait,1,1,0
surprenant,4,1,3
surprenante,1,1,0
surprenantes,1,0,1
surprenants,1,0,1
surprend,3,3,0
surprendre,6,2,4
surprendrons,1,0,1
surpris,6,2,4
surprise,4,3,1
surprises,5,2,3
sursis,1,1,0
surtendus,1,0,1
surtout,6,2,4
survécu,1,1,0
survenir,1,1,0
surviennent,1,1,0
survient,3,2,1
survit,6,3,3
survivant,6,6,0
survivants,5,5,0
survive,1,1,0
survivre,1,0,1
survolait,1,1,0
survolant,1,1,0
survole,1,1,0
survolée,1,0,1
sus,2,2,0
susceptibilité,12,0,12
susceptible,15,7,8
susceptibles,4,3,1
susception,5,0,5
susceptiori,1,0,1
suscitant,8,1,7
suscite,22,11,11
suscité,6,2,4
suscitée,9,2,7
suscitent,3,0,3
susciter,2,2,0
suspect,2,1,1
suspecte,1,0,1
suspectes,1,1,0
suspend,20,17,3
suspendant,1,0,1
suspendent,1,1,0
suspendre,3,3,0
suspends,1,1,0
suspendu,5,5,0
suspendue,2,1,1
suspens,2,1,1
suspension,16,13,3
suspicion,1,1,0
symbole,12,4,8
symboles,5,4,1
symbolique,9,2,7
symboliquement,1,0,1
symboliques,1,0,1
symbolisant,1,1,0
symbolisation,4,0,4
symbolise,7,6,1
symbolisé,4,1,3
symbolisent,1,1,0
symbolisme,16,9,7
symbolismes,2,1,1
symétrique,1,1,0
sympathie,3,2,1
symptôme,3,0,3
synchrone,8,0,8
synchrones,3,0,3
synchronie,24,0,24
synchronique,1,0,1
synchronisable,4,0,4
synchronisables,1,0,1
synchronisant,3,0,3
synchronisation,13,0,13
synchronise,9,0,9
synchronisé,1,0,1
synchronisent,3,0,3
synchroniser,3,0,3
synchronisme,4,0,4
synchronisons,1,0,1
synonyme,1,1,0
synonymes,1,1,0
synopsie,3,0,3
synopsis,1,0,1
synoptique,3,3,0
synoptiques,1,1,0
syntaxe,1,0,1
syntaxiques,1,0,1
synthèse,30,6,24
synthèses,5,0,5
synthétique,8,4,4
synthétisante,1,0,1
synthétise,1,0,1
systématique,5,1,4
systématiques,1,1,0
systématisation,1,0,1
système,150,62,88
systèmes,5,1,4
systole,1,0,1
table,2,2,0
tableau,3,3,0
tableaux,1,1,0
tables,2,2,0
tâche,4,1,3
tâcherons,1,1,0
tactile,1,1,0
tactiles,1,1,0
taction,2,2,0
taedium,1,1,0
taillant,1,1,0
taillées,1,1,0
tailler,1,1,0
taire,11,7,4
tait,3,3,0
tangence,4,3,1
tangentiel,1,1,0
tannery,1,1,0
tant,269,84,185
tapisserie,1,0,1
tard,3,2,1
tardé,1,0,1
tare,1,1,0
tarir,2,2,0
tarisse,1,1,0
tas,1,1,0
tâtonnants,1,1,0
tâtonne,1,1,0
tâtonnement,4,4,0
taute,1,1,0
tautologie,2,2,0
tautologique,5,0,5
taxée,1,1,0
technique,14,10,4
techniquement,2,2,0
techniques,8,4,4
technologique,1,0,1
teil,1,0,1
tel,37,22,15
téléologie,7,0,7
téléologique,4,1,3
téléologiquement,1,0,1
téléologiques,1,0,1
telle,97,53,44
telles,11,2,9
telos,3,0,3
tels,4,3,1
témoignage,49,6,43
témoignages,1,1,0
témoignant,3,0,3
témoigne,12,3,9
témoigné,4,0,4
témoigner,2,1,1
témoignerait,2,1,1
témoin,4,1,3
tempête,1,0,1
temporal,2,2,0
temporalisant,1,0,1
temporalisation,40,0,40
temporalise,12,1,11
temporalité,37,2,35
temporel,17,5,12
temporelle,17,1,16
temporelles,4,0,4
temporels,1,0,1
temporisation,1,0,1
temps,467,203,264
"temps	comme",1,1,0
tempsÂ·,1,0,1
tenait,2,1,1
tenant,11,7,4
tend,30,19,11
tendait,1,1,0
tendance,6,2,4
tendances,1,1,0
tendant,5,1,4
tendent,1,1,0
tendrait,2,2,0
tendre,13,12,1
tendresse,2,1,1
tendu,8,3,5
tendue,5,0,5
tendues,1,0,1
tendus,2,1,1
ténèbres,5,4,1
tenions,1,1,0
tenir,61,29,32
tenons,5,0,5
tensi,1,0,1
tension,11,4,7
tensions,3,0,3
tentation,7,7,0
tentations,1,1,0
tentative,9,4,5
tente,6,1,5
tenté,6,5,1
tentée,3,2,1
tentent,1,0,1
tenter,5,1,4
tenu,11,3,8
ténu,1,1,0
tenue,3,2,1
ténue,1,0,1
tenus,1,0,1
tergiversation,1,0,1
terme,147,73,74
termes,164,68,96
terminant,1,1,0
termine,1,1,0
terminera,1,1,0
terminerait,1,1,0
terminologie,4,4,0
ternir,1,1,0
terrain,7,3,4
terre,38,31,7
terres,1,1,0
terrestre,5,2,3
terrestres,1,1,0
terreur,1,1,0
terreurs,1,1,0
territorialité,5,5,0
terroir,1,1,0
tertialité,1,0,1
tertium,1,1,0
teste,2,2,0
tête,12,8,4
texte,5,1,4
thaumaturgique,2,2,0
the,2,2,0
théâtrale,3,0,3
théâtre,3,0,3
théétète,1,1,0
thématique,4,1,3
thématiquement,3,0,3
thématisable,23,0,23
thématisant,19,3,16
thématisante,11,0,11
thématisation,110,26,84
thématise,28,4,24
thématisé,28,5,23
thématisée,14,1,13
thématisées,1,0,1
thématisent,2,1,1
thématiser,15,4,11
thématisés,6,1,5
thème,146,37,109
"thème	l",1,0,1
thèmeÂ·,1,0,1
thèmes,17,5,12
théologie,18,6,12
théologiens,1,0,1
théologies,1,1,0
théologique,5,2,3
théologiques,4,4,0
théorétique,18,9,9
théorétisée,1,0,1
théoriciens,1,0,1
théorie,47,36,11
théorique,33,12,21
théoriques,1,0,1
thermique,1,0,1
thèse,39,19,20
thèses,12,5,7
thrasymaque,1,1,0
tiendra,1,0,1
tiendraient,1,1,0
tiendrait,8,4,4
tienne,2,1,1
tiennent,16,8,8
tiens,4,4,0
tient,167,101,66
tierce,1,0,1
tiers,62,12,50
timbre,1,0,1
timide,1,1,0
tira,1,1,0
tirant,3,3,0
tire,16,11,5
tirée,1,1,0
tirent,1,0,1
tirer,10,7,3
tisse,2,1,1
tissé,1,0,1
tissée,1,1,0
tissées,1,0,1
tissent,1,1,0
tisser,1,0,1
tissu,4,0,4
tissus,2,1,1
titre,34,9,25
titres,2,1,1
toi,10,9,1
toile,3,2,1
tolère,2,2,0
tolstoï,1,0,1
tombant,1,0,1
tombe,10,5,5
tombée,1,0,1
tomber,2,2,0
tomberaient,1,0,1
tomberait,3,0,3
ton,2,1,1
tonalité,1,1,0
tonus,1,1,0
topos,1,0,1
tordu,1,0,1
torsion,8,0,8
tort,8,5,3
tortillement,1,0,1
tortueuse,1,0,1
tortueuses,1,0,1
tortueux,1,0,1
torture,4,4,0
tôt,8,1,7
total,7,7,0
totale,40,35,5
totalement,10,9,1
totalisable,1,0,1
totalisant,4,1,3
totalisante,2,1,1
totalisantes,1,1,0
totalisation,18,17,1
totalise,2,2,0
totalisé,1,0,1
totalisée,1,1,0
totalisent,1,1,0
totaliser,2,1,1
totaliserait,2,2,0
totalitarisme,1,0,1
totalité,209,163,46
totalités,2,2,0
touchant,1,0,1
touche,20,15,5
touché,10,6,4
touchent,2,2,0
toucher,13,10,3
touchons,1,0,1
touffus,1,1,0
toujours,215,97,118
tour,58,26,32
tourbillon,1,0,1
tournant,2,1,1
tourne,9,4,5
tourné,9,5,4
tournée,2,2,0
tourner,4,1,3
tournés,1,0,1
tournure,3,0,3
tous,125,48,77
tout,710,302,408
toute,545,221,324
toutefois,4,4,0
toutes,90,47,43
trace,109,5,104
tracé,1,0,1
tracée,1,0,1
traces,6,1,5
tradition,29,8,21
traditionnel,2,1,1
traditionnelle,3,2,1
traditionnellement,1,1,0
traditions,1,0,1
traduction,3,0,3
traduirait,1,0,1
traduire,7,3,4
traduisait,1,0,1
traduisant,1,1,0
traduisent,2,1,1
traduit,28,11,17
tragédie,3,2,1
tragi,1,0,1
tragique,9,5,4
tragiques,1,0,1
trahi,10,2,8
trahie,4,0,4
trahir,6,2,4
trahison,33,18,15
trahissait,1,0,1
trahissant,9,1,8
trahit,11,3,8
train,28,5,23
traînant,1,1,0
traîne,1,1,0
trait,5,2,3
traitant,2,1,1
traite,2,2,0
traité,4,1,3
traitée,3,3,0
traiter,7,3,4
traiterons,1,1,0
traités,1,0,1
traitons,2,2,0
traits,9,2,7
trajectoire,2,1,1
trame,10,6,4
tranchant,6,3,3
tranche,17,8,9
tranchent,1,1,0
trancheraient,1,0,1
tranquille,2,2,0
tranquillité,5,2,3
transascendance,1,1,0
transcendance,234,158,76
transcendant,50,39,11
transcendantal,15,2,13
transcendantale,47,22,25
transcendantales,1,0,1
transcendante,10,6,4
transcendants,1,1,0
transcende,17,13,4
transcendé,1,1,0
transcendée,1,1,0
transcender,7,4,3
"transcender	même",1,0,1
transfert,3,0,3
transferts,1,0,1
transfigurations,1,1,0
transfigure,1,1,0
transfigurée,1,1,0
transformant,1,0,1
transformation,8,5,3
transformations,2,1,1
transforme,8,7,1
transformée,1,1,0
transformer,10,6,4
transformerait,1,1,0
transit,3,0,3
transitif,2,2,0
transition,2,1,1
transitive,1,1,0
transitivité,5,5,0
translucide,1,0,1
transmet,1,1,0
transmets,1,1,0
transmis,1,0,1
transmissibles,1,1,0
transmission,3,0,3
transmue,1,0,1
transmutation,2,2,0
transparaît,1,1,0
transparaître,3,3,0
transparence,14,1,13
transparent,1,0,1
transperce,1,0,1
transportable,1,1,0
transportables,1,1,0
transporte,1,1,0
transporté,1,1,0
transportent,1,1,0
transporter,4,1,3
transporterons,1,1,0
transpose,1,1,0
transsubstantiation,7,6,1
transsubstantifié,1,0,1
traumatique,4,0,4
traumatiquement,3,0,3
traumatisant,1,0,1
traumatisme,26,1,25
travail,142,123,19
travaillant,1,1,0
travaille,3,3,0
travaillée,2,2,0
travailler,8,8,0
travaillés,1,1,0
travailleur,1,1,0
travaux,2,2,0
travers,104,71,33
traversant,1,0,1
traverse,13,6,7
traversé,3,2,1
traversée,1,0,1
traversent,2,2,0
traverser,2,1,1
tréfonds,1,0,1
tremblement,3,3,0
trembler,2,1,1
trépasser,1,0,1
très,23,19,4
triangle,1,1,0
tributaire,1,1,0
tricher,1,1,0
tricherie,1,0,1
trio,1,0,1
triomphait,1,1,0
triomphalement,1,0,1
triomphant,1,0,1
triomphe,18,15,3
triomphes,3,0,3
tristesse,2,1,1
troc,1,0,1
trois,3,0,3
troisième,19,14,5
tromper,1,1,0
tromperie,2,1,1
trompeur,1,1,0
trompeurs,1,0,1
trompeuses,1,0,1
tronçons,1,1,0
tronqué,2,1,1
trop,21,6,15
trope,12,0,12
tropes,3,0,3
trouant,1,1,0
troublant,1,1,0
troublante,1,1,0
trouble,11,7,4
troublé,1,1,0
troublée,3,0,3
troubler,4,1,3
trouée,2,2,0
trous,1,1,0
trouvait,2,2,0
trouvant,7,2,5
trouve,95,59,36
trouvé,2,1,1
trouvent,9,4,5
trouver,25,9,16
trouveraient,2,2,0
trouverait,8,3,5
trouverions,1,1,0
trouveront,1,0,1
trouvés,1,1,0
trouvons,1,1,0
truchement,3,0,3
truisme,4,1,3
tuait,1,1,0
tue,2,2,0
tuer,9,9,0
tuméfier,1,0,1
tunique,1,0,1
tutoiement,1,1,0
type,3,3,0
typiques,1,0,1
typologie,1,1,0
tyrannie,18,17,1
tyrannique,2,2,0
ubiquité,3,0,3
ultérieur,3,0,3
ultérieure,2,2,0
ultérieurement,1,0,1
ultérieurs,1,0,1
ultima,3,3,0
ultime,72,39,33
ultimement,1,1,0
ultimes,4,3,1
ultimité,5,0,5
ultra,1,0,1
ultramatérialité,2,2,0
ulysse,8,4,4
und,3,3,0
undone,1,1,0
une,2870,1624,1246
unes,2,1,1
unicité,78,26,52
unicités,1,1,0
unie,3,3,0
unies,1,0,1
uniformément,1,1,0
union,18,10,8
unique,90,30,60
uniquement,13,2,11
uniques,6,1,5
unir,2,2,0
unissable,1,0,1
unissant,2,1,1
unissent,2,1,1
unit,6,6,0
unité,111,33,78
unités,4,0,4
univers,19,8,11
universalis,1,0,1
universalisation,7,4,3
universalise,1,0,1
universaliser,1,1,0
universalisme,1,1,0
universalité,40,23,17
universaux,1,0,1
universel,48,28,20
universelle,31,22,9
universellement,2,2,0
universelles,5,5,0
universels,6,6,0
univocité,4,1,3
univoque,5,4,1
unjustifiable,1,0,1
uns,19,10,9
untersuchungen,2,2,0
urgence,11,3,8
urgent,1,0,1
usage,14,11,3
usagers,1,1,0
usant,2,1,1
use,3,2,1
usé,1,1,0
usée,1,0,1
usent,3,0,3
user,1,0,1
usons,1,0,1
ustensile,7,7,0
ustensiles,13,12,1
usuel,1,0,1
usuels,1,1,0
usure,3,0,3
usurpateur,1,1,0
usurpation,3,2,1
usurpé,1,1,0
utérine,1,1,0
utile,2,2,0
utiles,1,1,0
utilisant,1,1,0
utilisation,4,4,0
utilise,3,3,0
utilisé,2,1,1
utilisent,1,1,0
utiliser,4,4,0
utilisés,1,1,0
utilitaire,1,1,0
utilité,3,3,0
utopie,6,2,4
utopique,1,0,1
utopisme,5,0,5
vacante,1,0,1
vacillantes,1,1,0
vacuité,3,0,3
vague,1,1,0
vaincre,1,1,0
vaincu,2,2,0
vaincue,2,2,0
vainqueurs,1,1,0
valable,1,1,0
valables,1,1,0
valent,2,2,0
valéry,3,0,3
valeur,28,17,11
valeurs,10,5,5
valoir,3,0,3
valorisation,2,2,0
vanité,4,1,3
vanités,1,0,1
vaquent,1,0,1
variant,1,0,1
variation,2,1,1
variations,4,0,4
varieraient,1,0,1
variété,1,1,0
vase,1,1,0
vaste,1,1,0
vastes,2,1,1
vaut,8,4,4
vautre,4,0,4
vécu,43,10,33
vécue,9,4,5
vécues,4,0,4
vécus,3,3,0
végétale,3,3,0
veille,2,1,1
velléité,1,1,0
venaient,1,1,0
venait,4,1,3
venant,28,13,15
vend,1,1,0
vendre,2,2,0
vendue,1,0,1
vénérable,1,0,1
venir,21,10,11
venons,3,2,1
vent,11,8,3
ventre,2,2,0
ventricules,1,1,0
vents,3,0,3
venu,12,1,11
venue,11,6,5
venues,1,1,0
vénus,1,1,0
véracité,14,2,12
verbal,6,2,4
verbale,4,0,4
verbalement,1,0,1
verbalisme,1,1,0
verbalité,11,0,11
verbaux,6,3,3
verbe,99,9,90
verbes,13,0,13
verdict,3,2,1
verdoie,1,0,1
véridique,1,1,0
vérifierait,1,0,1
véritable,11,10,1
véritablement,9,6,3
vérité,335,185,150
vérités,11,3,8
verra,4,1,3
verrons,6,5,1
vers,177,121,56
versailles,1,1,0
verser,1,1,0
vert,2,1,1
vertige,9,8,1
vertigineuse,3,3,0
vertigineusement,1,1,0
vertu,18,7,11
vertus,5,2,3
veste,1,0,1
vestibule,3,3,0
vêtement,5,4,1
vêtements,1,1,0
vêtir,3,0,3
veuille,1,0,1
veulent,4,3,1
veut,48,21,27
veuve,6,6,0
veux,2,2,0
vibrante,1,1,0
vibration,1,1,0
vibre,5,1,4
vibrer,1,0,1
vice,1,1,0
vices,1,0,1
vicissitudes,1,1,0
victime,4,1,3
victimes,1,0,1
victoire,2,2,0
vidant,5,1,4
vide,82,47,35
vidé,2,2,0
vider,8,4,4
vides,7,7,0
vie,268,208,60
vieil,3,0,3
vieille,4,1,3
vieillesse,7,6,1
vieilli,2,1,1
vieillir,1,0,1
vieillissant,2,2,0
vieillissement,20,0,20
"vieillissement	sont",1,0,1
vieillit,2,2,0
viendra,8,5,3
viendraient,3,0,3
viendrait,20,4,16
vienne,3,2,1
viennent,16,9,7
vient,138,81,57
vierge,3,3,0
vieux,5,1,4
vif,1,1,0
vigilance,4,1,3
vigilant,1,1,0
vigilante,1,1,0
vigoureuses,1,0,1
vigueur,1,1,0
vii,1,1,0
vilain,1,1,0
ville,3,3,0
villes,1,1,0
vin,1,1,0
vingt,1,0,1
vingtième,1,1,0
violable,2,2,0
violant,1,1,0
violation,1,1,0
viole,2,2,0
violée,1,1,0
violence,112,89,23
violences,3,0,3
violente,10,7,3
violenté,1,1,0
violenter,1,1,0
violer,2,2,0
violoncelle,5,0,5
virant,4,3,1
vire,10,6,4
virement,4,3,1
virer,2,1,1
virginité,3,3,0
viril,4,4,0
viriles,2,1,1
virilité,3,0,3
virtualité,3,3,0
virtualités,1,1,0
virtuel,1,1,0
virtuelle,2,1,1
virtuellement,5,2,3
vis,20,20,0
visage,358,280,78
visages,7,2,5
visant,3,2,1
vise,22,17,5
visé,7,3,4
visée,14,2,12
visées,4,1,3
visent,4,4,0
viser,4,4,0
visibilité,12,3,9
visible,46,27,19
visiblement,1,1,0
visibles,3,3,0
vision,90,73,17
visions,1,1,0
visite,1,1,0
visqueux,1,1,0
visuelle,2,2,0
visuelles,1,1,0
vit,38,33,5
vita,1,1,0
vitae,2,2,0
vital,4,1,3
vitale,1,1,0
vite,2,2,0
vitesse,1,1,0
vivant,32,19,13
vivante,6,3,3
vivants,2,2,0
vive,2,2,0
vivendi,1,0,1
vivons,11,11,0
vivrait,1,0,1
vivre,46,43,3
vocables,3,0,3
vocabulaire,7,0,7
vocatif,5,1,4
vocation,9,1,8
vÅ“ux,2,1,1
voici,30,1,29
voie,20,9,11
voient,2,2,0
voies,5,1,4
voilÃ ,32,20,12
voile,5,2,3
voilement,4,0,4
voiler,1,0,1
voiles,1,1,0
voir,40,25,15
voire,1,0,1
vois,3,3,0
voisinage,8,4,4
voisine,1,0,1
voit,15,10,5
voiture,2,2,0
voix,29,5,24
vol,1,1,0
volant,1,1,0
volatilise,1,1,0
voleur,4,0,4
volitions,1,1,0
volontaire,20,5,15
volontairement,4,0,4
volonté,218,177,41
volontés,16,13,3
voltaire,1,1,0
voltige,1,1,0
volume,6,1,5
voluptatem,1,1,0
volupté,42,42,0
voluptueuse,1,1,0
voluptueux,2,2,0
vont,5,2,3
vos,1,0,1
votre,1,0,1
vouant,1,0,1
voudra,2,2,0
voudraient,1,1,0
voudrait,18,9,9
voudront,1,1,0
voue,2,1,1
voué,6,1,5
vouée,4,1,3
vouer,1,1,0
voulant,1,0,1
vouloir,47,31,16
voulons,2,2,0
voulu,11,6,5
voulue,1,1,0
vous,14,6,8
voyage,1,1,0
voyant,1,0,1
voyelles,1,0,1
voyons,2,2,0
vrai,52,25,27
vraie,28,23,5
vraies,2,1,1
vraiment,5,2,3
vrais,4,1,3
vrille,1,0,1
vue,50,37,13
vues,5,2,3
vulgaire,2,2,0
vulnérabilité,53,1,52
vulnérable,3,2,1
vus,1,1,0
waelhens,2,1,1
wahl,1,1,0
was,1,0,1
weiter,1,0,1
weltalter,1,1,0
wenn,1,0,1
were,1,1,0
wie,1,0,1
willst,1,0,1
wish,1,1,0
world,1,1,0
wunderbarsten,1,0,1
xenakis,1,0,1
xiv,1,1,0
yen,1,0,1
yeux,29,22,7
yochanan,1,1,0
zeit,3,3,0
zénon,1,0,1
zéro,4,1,3
zeug,3,3,0
zeuge,1,1,0
zeughaftigkeit,1,1,0
zone,1,0,1
zones,1,0,1
Ï€opoç,3,3,0
